   0.00  -47.1
   2.00  -50.2
   4.00 -112.7
   6.00 -110.9
   8.00 -109.4
  10.00 -113.6
  12.00 -113.8
  14.00 -133.9
  16.00 -119.6
  18.00 -126.3
  20.00 -114.5
  22.00 -129.3
  24.00 -105.7
  26.00 -107.5
  28.00 -109.9
  30.00 -113.0
  32.00 -117.2
  34.00 -108.8
  36.00 -107.2
  38.00 -109.0
  40.00 -115.8
  42.00 -125.3
  44.00 -119.0
  46.00 -116.5
  48.00 -123.3
  50.00 -112.3
  52.00 -110.7
  54.00 -112.4
  56.00 -110.3
  58.00 -118.2
  60.00 -114.9
  62.00 -114.1
  64.00 -117.2
  66.00 -121.4
  68.00 -124.7
  70.00 -126.7
  72.00 -114.9
  74.00 -115.0
  76.00 -117.8
  78.00 -114.5
  80.00 -110.0
  82.00 -113.4
  84.00 -110.1
  86.00 -112.1
  88.00 -110.0
  90.00 -114.1
  92.00 -112.6
  94.00 -111.9
  96.00 -112.7
  98.00 -112.6
 100.00 -113.8
 102.00 -115.2
 104.00 -123.7
 106.00 -115.6
 108.00 -110.8
 110.00 -116.8
 112.00 -118.5
 114.00 -108.1
 116.00 -106.6
 118.00 -110.0
 120.00 -115.7
 122.00 -124.0
 124.00 -116.9
 126.00 -114.9
 128.00 -120.5
 130.00 -125.5
 132.00 -116.8
 134.00 -114.3
 136.00 -105.5
 138.00 -109.4
 140.00 -111.4
 142.00 -106.9
 144.00 -108.1
 146.00 -114.1
 148.00 -119.1
 150.00 -113.0
 152.00 -109.6
 154.00 -109.2
 156.00 -116.0
 158.00 -120.1
 160.00 -115.8
 162.00 -111.9
 164.00 -110.8
 166.00 -123.0
 168.00 -115.0
 170.00 -120.1
 172.00 -117.4
 174.00 -110.6
 176.00 -105.8
 178.00 -107.1
 180.00 -111.6
 182.00 -118.1
 184.00 -122.6
 186.00 -123.9
 188.00 -111.8
 190.00 -106.2
 192.00 -106.0
 194.00 -109.7
 196.00 -116.5
 198.00 -109.4
 200.00 -111.8
 202.00 -113.0
 204.00 -115.6
 206.00 -152.5
 208.00 -118.6
 210.00 -115.0
 212.00 -114.6
 214.00 -118.9
 216.00 -114.1
 218.00 -120.2
 220.00 -113.0
 222.00 -109.2
 224.00 -110.5
 226.00 -119.0
 228.00 -118.8
 230.00 -116.3
 232.00 -115.5
 234.00 -121.7
 236.00 -115.4
 238.00 -110.8
 240.00 -110.0
 242.00 -112.2
 244.00 -116.1
 246.00 -117.4
 248.00 -115.2
 250.00 -127.6
 252.00 -114.3
 254.00 -111.0
 256.00 -134.3
 258.00 -117.9
 260.00 -135.3
 262.00 -127.5
 264.00 -112.0
 266.00 -109.9
 268.00 -121.5
 270.00 -113.8
 272.00 -106.9
 274.00 -108.6
 276.00 -109.2
 278.00 -116.3
 280.00 -125.7
 282.00 -116.4
 284.00 -109.5
 286.00 -107.9
 288.00 -122.0
 290.00 -137.9
 292.00 -111.9
 294.00 -110.7
 296.00 -104.3
 298.00 -107.5
 300.00 -114.8
 302.00 -117.3
 304.00 -113.2
 306.00 -118.8
 308.00 -116.1
 310.00 -123.7
 312.00 -111.2
 314.00 -123.2
 316.00 -111.5
 318.00 -101.9
 320.00  -95.1
 322.00 -102.6
 324.00 -113.7
 326.00 -125.9
 328.00 -111.3
 330.00 -115.5
 332.00 -123.9
 334.00 -115.0
 336.00 -110.3
 338.00 -108.2
 340.00 -108.7
 342.00 -135.4
 344.00 -112.0
 346.00 -126.6
 348.00 -114.2
 350.00 -114.5
 352.00 -114.3
 354.00 -110.6
 356.00 -113.7
 358.00 -112.5
 360.00 -110.0
 362.00 -125.4
 364.00 -115.8
 366.00 -121.5
 368.00 -107.3
 370.00 -107.1
 372.00 -112.6
 374.00 -113.4
 376.00 -110.7
 378.00 -109.5
 380.00 -109.7
 382.00 -115.7
 384.00 -116.4
 386.00 -132.8
 388.00 -118.1
 390.00 -116.8
 392.00 -111.7
 394.00 -117.3
 396.00 -134.6
 398.00 -123.7
 400.00 -132.7
 402.00 -114.7
 404.00 -107.8
 406.00 -115.3
 408.00 -107.6
 410.00 -128.9
 412.00 -112.9
 414.00 -112.1
 416.00 -110.2
 418.00 -109.7
 420.00 -111.0
 422.00 -113.8
 424.00 -113.1
 426.00 -112.6
 428.00 -114.1
 430.00 -118.9
 432.00 -117.6
 434.00 -114.2
 436.00 -112.5
 438.00 -110.6
 440.00 -121.2
 442.00 -110.9
 444.00 -110.1
 446.00 -112.7
 448.00 -112.3
 450.00 -110.9
 452.00 -118.0
 454.00 -118.7
 456.00 -122.5
 458.00 -123.6
 460.00 -126.1
 462.00 -111.0
 464.00 -109.7
 466.00 -113.8
 468.00 -108.1
 470.00 -110.7
 472.00 -112.5
 474.00 -114.0
 476.00 -112.8
 478.00 -115.7
 480.00 -111.1
 482.00 -119.1
 484.00 -118.5
 486.00 -107.4
 488.00 -104.6
 490.00 -115.4
 492.00 -110.1
 494.00 -115.6
 496.00 -120.9
 498.00 -115.0
 500.00 -108.4
 502.00 -106.6
 504.00 -107.3
 506.00 -120.7
 508.00 -117.3
 510.00 -116.0
 512.00 -111.5
 514.00 -117.6
 516.00 -115.5
 518.00 -125.7
 520.00 -120.0
 522.00 -124.5
 524.00 -118.7
 526.00 -135.0
 528.00 -132.4
 530.00 -119.6
 532.00 -110.3
 534.00 -112.9
 536.00 -114.2
 538.00 -109.7
 540.00 -112.9
 542.00 -114.4
 544.00 -119.2
 546.00 -130.3
 548.00 -113.3
 550.00 -116.3
 552.00 -118.3
 554.00 -116.9
 556.00 -111.6
 558.00 -113.1
 560.00 -114.8
 562.00 -117.5
 564.00 -120.1
 566.00 -118.8
 568.00 -113.0
 570.00 -116.8
 572.00 -117.9
 574.00 -111.4
 576.00 -113.4
 578.00 -128.2
 580.00 -109.0
 582.00 -106.5
 584.00 -107.8
 586.00 -109.6
 588.00 -111.3
 590.00 -106.8
 592.00  -99.3
 594.00 -102.3
 596.00 -118.1
 598.00 -113.0
 600.00 -114.4
 602.00 -115.8
 604.00 -117.5
 606.00 -113.3
 608.00 -109.2
 610.00 -112.0
 612.00 -124.8
 614.00 -106.8
 616.00 -100.7
 618.00 -104.2
 620.00 -113.2
 622.00 -122.3
 624.00 -108.1
 626.00 -111.1
 628.00 -110.9
 630.00 -112.1
 632.00 -119.8
 634.00 -115.3
 636.00 -114.3
 638.00 -106.4
 640.00  -97.2
 642.00 -100.4
 644.00 -113.3
 646.00 -116.9
 648.00 -115.5
 650.00 -110.9
 652.00 -109.3
 654.00 -109.7
 656.00 -117.9
 658.00 -110.3
 660.00 -107.6
 662.00 -111.9
 664.00 -107.7
 666.00 -114.3
 668.00 -114.4
 670.00 -121.5
 672.00 -114.5
 674.00 -111.1
 676.00 -112.0
 678.00 -114.4
 680.00 -115.4
 682.00 -115.2
 684.00 -121.5
 686.00 -119.1
 688.00 -122.4
 690.00 -114.6
 692.00 -112.3
 694.00 -114.2
 696.00 -113.7
 698.00 -123.0
 700.00 -114.4
 702.00 -112.1
 704.00 -119.4
 706.00 -123.0
 708.00 -124.3
 710.00 -111.9
 712.00 -110.2
 714.00 -120.5
 716.00 -111.2
 718.00 -116.0
 720.00 -113.6
 722.00 -121.3
 724.00 -114.3
 726.00 -126.6
 728.00 -109.8
 730.00 -115.4
 732.00 -111.4
 734.00 -112.3
 736.00 -115.0
 738.00 -117.0
 740.00 -113.2
 742.00 -111.2
 744.00 -112.6
 746.00 -114.3
 748.00 -120.5
 750.00 -116.0
 752.00 -111.9
 754.00 -108.1
 756.00 -107.6
 758.00 -116.7
 760.00 -114.9
 762.00 -111.7
 764.00 -120.8
 766.00 -117.7
 768.00 -116.1
 770.00 -111.5
 772.00 -105.1
 774.00 -109.5
 776.00 -111.0
 778.00 -112.0
 780.00 -125.4
 782.00 -113.2
 784.00 -107.2
 786.00 -112.5
 788.00 -120.1
 790.00 -118.5
 792.00 -126.4
 794.00 -121.9
 796.00 -115.1
 798.00 -113.0
 800.00 -115.4
 802.00 -113.0
 804.00 -120.9
 806.00 -114.7
 808.00 -116.4
 810.00 -113.9
 812.00 -108.8
 814.00 -114.3
 816.00 -115.0
 818.00 -113.6
 820.00 -118.2
 822.00 -113.1
 824.00 -121.7
 826.00 -123.5
 828.00 -122.1
 830.00 -123.6
 832.00 -143.0
 834.00 -116.2
 836.00 -111.2
 838.00 -110.4
 840.00 -115.3
 842.00 -116.9
 844.00 -109.7
 846.00 -119.7
 848.00 -109.1
 850.00 -114.9
 852.00 -117.3
 854.00 -118.2
 856.00 -116.5
 858.00 -116.6
 860.00 -114.4
 862.00 -117.7
 864.00 -111.4
 866.00 -121.7
 868.00 -130.0
 870.00 -116.0
 872.00 -109.5
 874.00 -109.7
 876.00 -112.5
 878.00 -110.6
 880.00 -109.8
 882.00 -111.2
 884.00 -108.8
 886.00 -113.0
 888.00 -114.6
 890.00 -112.9
 892.00 -111.6
 894.00 -111.1
 896.00 -109.8
 898.00 -109.1
 900.00 -109.9
 902.00 -114.6
 904.00 -112.6
 906.00 -110.6
 908.00 -114.4
 910.00 -108.3
 912.00 -108.1
 914.00 -111.2
 916.00 -114.5
 918.00 -119.3
 920.00 -122.8
 922.00 -113.5
 924.00 -108.9
 926.00 -110.2
 928.00 -115.7
 930.00 -122.3
 932.00 -114.6
 934.00 -106.0
 936.00 -102.4
 938.00 -107.8
 940.00 -113.1
 942.00 -115.3
 944.00 -115.7
 946.00 -112.4
 948.00 -114.1
 950.00 -122.7
 952.00 -125.8
 954.00 -123.6
 956.00 -124.2
 958.00 -111.1
 960.00 -108.8
 962.00 -122.5
 964.00 -118.7
 966.00 -113.4
 968.00 -112.2
 970.00 -113.7
 972.00 -122.0
 974.00 -127.4
 976.00 -128.5
 978.00 -115.9
 980.00 -114.6
 982.00 -123.0
 984.00 -114.9
 986.00 -111.4
 988.00 -112.8
 990.00 -111.1
 992.00 -124.9
 994.00 -115.6
 996.00 -121.7
 998.00 -121.0
1000.00 -115.2
1002.00 -115.8
1004.00 -116.2
1006.00 -110.1
1008.00 -112.4
1010.00 -119.0
1012.00 -111.2
1014.00 -112.3
1016.00 -112.8
1018.00 -115.8
1020.00 -118.6
1022.00 -116.4
1024.00 -116.5
1026.00 -115.9
1028.00 -109.4
1030.00 -110.2
1032.00 -109.5
1034.00 -108.5
1036.00 -113.9
1038.00 -118.6
1040.00 -115.0
1042.00 -120.1
1044.00 -128.6
1046.00 -109.2
1048.00 -104.3
1050.00 -108.1
1052.00 -117.2
1054.00 -122.5
1056.00 -111.6
1058.00 -110.3
1060.00 -113.5
1062.00 -117.1
1064.00 -116.5
1066.00 -131.1
1068.00 -123.7
1070.00 -123.2
1072.00 -112.6
1074.00 -110.5
1076.00 -121.1
1078.00 -112.6
1080.00 -115.8
1082.00 -117.4
1084.00 -114.3
1086.00 -111.5
1088.00 -109.2
1090.00 -112.5
1092.00 -115.7
1094.00 -113.2
1096.00 -109.3
1098.00 -108.4
1100.00 -116.3
1102.00 -119.8
1104.00 -108.9
1106.00 -106.2
1108.00 -112.4
1110.00 -110.0
1112.00 -108.0
1114.00 -111.7
1116.00 -114.0
1118.00 -116.5
1120.00 -130.8
1122.00 -126.1
1124.00 -122.9
1126.00 -120.7
1128.00 -112.5
1130.00 -112.0
1132.00 -113.8
1134.00 -110.3
1136.00 -109.7
1138.00 -113.1
1140.00 -113.8
1142.00 -116.0
1144.00 -108.6
1146.00 -111.2
1148.00 -114.9
1150.00 -111.9
1152.00 -113.4
1154.00 -118.3
1156.00 -120.8
1158.00 -114.8
1160.00 -113.9
1162.00 -117.7
1164.00 -121.4
1166.00 -122.0
1168.00 -124.0
1170.00 -120.7
1172.00 -123.3
1174.00 -119.7
1176.00 -110.6
1178.00 -117.0
1180.00 -120.8
1182.00 -112.5
1184.00 -106.0
1186.00 -111.4
1188.00 -111.4
1190.00 -109.4
1192.00 -122.7
1194.00 -117.2
1196.00 -118.6
1198.00 -116.8
1200.00 -121.9
1202.00 -119.4
1204.00 -116.8
1206.00 -124.8
1208.00 -114.5
1210.00 -114.4
1212.00 -121.3
1214.00 -126.0
1216.00 -119.1
1218.00 -113.6
1220.00 -117.5
1222.00 -118.9
1224.00 -125.8
1226.00 -112.4
1228.00 -112.0
1230.00  -97.9
1232.00  -91.6
1234.00  -96.9
1236.00 -115.4
1238.00 -116.7
1240.00 -115.5
1242.00 -125.0
1244.00 -112.5
1246.00 -114.8
1248.00 -115.5
1250.00 -116.4
1252.00 -120.9
1254.00 -101.1
1256.00  -95.6
1258.00 -100.8
1260.00 -115.0
1262.00 -123.6
1264.00 -123.9
1266.00 -113.6
1268.00 -109.5
1270.00 -111.2
1272.00 -109.1
1274.00 -107.5
1276.00 -110.0
1278.00 -117.1
1280.00 -112.5
1282.00 -116.0
1284.00 -116.2
1286.00 -118.9
1288.00 -124.5
1290.00 -111.6
1292.00 -113.2
1294.00 -130.8
1296.00 -122.8
1298.00 -111.6
1300.00 -107.6
1302.00 -121.9
1304.00 -112.4
1306.00 -117.2
1308.00 -115.9
1310.00 -111.6
1312.00 -113.0
1314.00 -110.4
1316.00 -119.5
1318.00 -118.2
1320.00 -116.3
1322.00 -114.4
1324.00 -107.4
1326.00 -107.5
1328.00 -112.4
1330.00 -117.0
1332.00 -105.7
1334.00 -108.3
1336.00 -116.3
1338.00 -109.9
1340.00 -115.8
1342.00 -116.9
1344.00 -112.6
1346.00 -112.3
1348.00 -113.6
1350.00 -115.0
1352.00 -111.1
1354.00 -109.9
1356.00 -111.2
1358.00 -115.9
1360.00 -112.7
1362.00 -118.8
1364.00 -133.0
1366.00 -109.6
1368.00 -109.0
1370.00 -130.2
1372.00 -111.4
1374.00 -110.3
1376.00 -130.7
1378.00 -114.4
1380.00 -118.8
1382.00 -118.1
1384.00 -112.2
1386.00 -115.8
1388.00 -113.7
1390.00 -108.1
1392.00 -109.8
1394.00 -112.5
1396.00 -111.8
1398.00 -111.5
1400.00 -110.1
1402.00 -109.6
1404.00 -110.4
1406.00 -114.9
1408.00 -114.9
1410.00 -113.6
1412.00 -107.2
1414.00 -108.8
1416.00 -107.6
1418.00 -112.3
1420.00 -114.5
1422.00 -114.5
1424.00 -116.2
1426.00 -110.6
1428.00 -110.7
1430.00 -111.8
1432.00 -111.4
1434.00 -112.7
1436.00 -117.7
1438.00 -113.3
1440.00 -113.7
1442.00 -115.4
1444.00 -111.9
1446.00 -120.3
1448.00 -124.2
1450.00 -119.1
1452.00 -125.2
1454.00 -118.6
1456.00 -127.4
1458.00 -122.2
1460.00 -116.3
1462.00 -114.3
1464.00 -109.2
1466.00 -113.9
1468.00 -109.6
1470.00 -111.0
1472.00 -110.9
1474.00 -111.3
1476.00 -115.2
1478.00 -115.6
1480.00 -114.1
1482.00 -115.7
1484.00 -113.7
1486.00 -117.6
1488.00 -109.8
1490.00 -114.1
1492.00 -111.2
1494.00 -109.7
1496.00 -110.3
1498.00 -110.8
1500.00 -111.1
1502.00 -110.5
1504.00 -110.7
1506.00 -134.7
1508.00 -113.2
1510.00 -112.7
1512.00 -112.8
1514.00 -115.2
1516.00 -118.5
1518.00 -114.6
1520.00 -107.6
1522.00 -114.8
1524.00 -109.1
1526.00 -107.8
1528.00 -109.8
1530.00 -108.1
1532.00 -110.9
1534.00 -113.9
1536.00 -115.6
1538.00 -125.4
1540.00 -113.7
1542.00 -111.4
1544.00 -114.3
1546.00 -113.8
1548.00 -131.6
1550.00 -127.1
1552.00 -109.4
1554.00 -109.1
1556.00 -109.1
1558.00 -119.3
1560.00 -125.6
1562.00 -116.1
1564.00 -111.8
1566.00 -121.0
1568.00 -114.7
1570.00 -109.8
1572.00 -109.9
1574.00 -113.5
1576.00 -105.1
1578.00 -107.7
1580.00 -111.6
1582.00 -109.9
1584.00 -117.0
1586.00 -120.8
1588.00 -122.6
1590.00 -127.5
1592.00 -119.9
1594.00 -113.6
1596.00 -116.7
1598.00 -113.4
1600.00 -110.3
1602.00 -114.4
1604.00 -118.3
1606.00 -117.1
1608.00 -114.4
1610.00 -118.6
1612.00 -111.4
1614.00 -111.2
1616.00 -117.4
1618.00 -124.5
1620.00 -130.9
1622.00 -120.0
1624.00 -112.9
1626.00 -115.5
1628.00 -114.5
1630.00 -111.8
1632.00 -114.3
1634.00 -110.8
1636.00 -120.5
1638.00 -118.5
1640.00 -117.0
1642.00 -124.3
1644.00 -110.9
1646.00 -109.4
1648.00 -106.2
1650.00 -106.3
1652.00 -116.4
1654.00 -109.6
1656.00 -108.0
1658.00 -109.5
1660.00 -108.5
1662.00 -113.7
1664.00 -130.3
1666.00 -117.3
1668.00 -119.0
1670.00 -124.2
1672.00 -122.9
1674.00 -117.4
1676.00 -118.7
1678.00 -119.6
1680.00 -115.7
1682.00 -112.1
1684.00 -113.4
1686.00 -118.0
1688.00 -113.5
1690.00 -109.6
1692.00 -113.8
1694.00 -117.0
1696.00 -115.9
1698.00 -122.0
1700.00 -112.5
1702.00 -110.9
1704.00 -121.7
1706.00 -114.1
1708.00 -111.7
1710.00 -113.7
1712.00 -112.6
1714.00 -122.1
1716.00 -114.6
1718.00 -118.5
1720.00 -120.4
1722.00 -125.0
1724.00 -125.8
1726.00 -123.4
1728.00 -109.6
1730.00 -106.0
1732.00 -107.7
1734.00 -112.9
1736.00 -118.6
1738.00 -119.9
1740.00 -117.6
1742.00 -111.7
1744.00 -119.8
1746.00 -111.1
1748.00 -123.9
1750.00 -118.7
1752.00 -110.5
1754.00 -112.1
1756.00 -140.5
1758.00 -114.6
1760.00 -114.2
1762.00 -120.6
1764.00 -110.2
1766.00 -109.2
1768.00 -111.4
1770.00 -111.8
1772.00 -117.0
1774.00 -119.4
1776.00 -124.2
1778.00 -112.3
1780.00 -113.0
1782.00 -113.0
1784.00 -106.9
1786.00 -110.9
1788.00 -119.3
1790.00 -109.7
1792.00 -115.7
1794.00 -115.4
1796.00 -112.4
1798.00 -109.4
1800.00 -107.2
1802.00 -114.2
1804.00 -115.5
1806.00 -110.7
1808.00 -112.2
1810.00 -111.8
1812.00 -109.2
1814.00 -110.2
1816.00 -120.8
1818.00 -118.1
1820.00 -112.5
1822.00 -109.4
1824.00 -100.1
1826.00 -104.0
1828.00 -116.1
1830.00 -116.9
1832.00 -120.1
1834.00 -118.3
1836.00 -112.5
1838.00 -111.9
1840.00 -115.4
1842.00 -119.4
1844.00 -109.3
1846.00 -122.1
1848.00 -104.6
1850.00 -108.1
1852.00 -123.8
1854.00 -121.4
1856.00 -113.0
1858.00 -117.9
1860.00 -115.9
1862.00 -111.9
1864.00 -116.6
1866.00 -119.0
1868.00 -122.3
1870.00 -115.1
1872.00 -115.5
1874.00 -121.5
1876.00 -122.3
1878.00 -113.9
1880.00 -110.4
1882.00 -109.0
1884.00 -111.1
1886.00 -128.0
1888.00 -117.7
1890.00 -115.1
1892.00 -114.2
1894.00 -115.4
1896.00 -112.4
1898.00 -111.7
1900.00 -115.7
1902.00 -109.9
1904.00 -108.1
1906.00 -111.3
1908.00 -111.1
1910.00 -112.0
1912.00 -115.8
1914.00 -115.5
1916.00 -115.6
1918.00 -122.3
1920.00 -122.1
1922.00 -118.6
1924.00 -113.6
1926.00 -107.9
1928.00 -107.3
1930.00 -106.9
1932.00 -109.6
1934.00 -122.6
1936.00 -112.7
1938.00 -111.4
1940.00 -113.1
1942.00 -118.1
1944.00 -121.9
1946.00 -123.7
1948.00 -120.8
1950.00 -118.4
1952.00 -109.9
1954.00 -104.1
1956.00 -108.2
1958.00 -131.0
1960.00 -121.1
1962.00 -123.6
1964.00 -112.3
1966.00 -111.1
1968.00 -122.0
1970.00 -109.4
1972.00 -106.5
1974.00 -111.0
1976.00 -120.3
1978.00 -115.7
1980.00 -113.7
1982.00 -117.4
1984.00 -111.8
1986.00 -109.2
1988.00 -110.0
1990.00 -110.5
1992.00 -111.6
1994.00 -122.0
1996.00 -113.4
1998.00 -111.2
2000.00 -111.2
2002.00 -117.9
2004.00 -116.8
2006.00 -110.5
2008.00 -107.7
2010.00 -107.3
2012.00 -106.6
2014.00 -110.8
2016.00 -115.4
2018.00 -123.1
2020.00 -119.9
2022.00 -121.3
2024.00 -111.0
2026.00 -109.1
2028.00 -110.5
2030.00 -111.4
2032.00 -114.9
2034.00 -115.4
2036.00 -122.7
2038.00 -117.1
2040.00 -115.8
2042.00 -121.9
2044.00 -116.5
2046.00 -120.6
2048.00 -118.1
2050.00 -112.4
2052.00 -117.1
2054.00 -127.8
2056.00 -113.5
2058.00 -117.2
2060.00 -116.1
2062.00 -119.7
2064.00 -120.0
2066.00 -116.3
2068.00 -113.1
2070.00 -110.6
2072.00 -111.1
2074.00 -112.6
2076.00 -116.5
2078.00 -114.6
2080.00 -106.4
2082.00 -113.3
2084.00 -123.8
2086.00 -115.6
2088.00 -111.0
2090.00 -108.0
2092.00 -110.3
2094.00 -113.4
2096.00 -113.5
2098.00 -114.9
2100.00 -111.7
2102.00 -152.1
2104.00 -120.7
2106.00 -119.2
2108.00 -111.1
2110.00 -110.5
2112.00 -114.0
2114.00 -110.9
2116.00 -110.6
2118.00 -109.9
2120.00 -109.8
2122.00 -115.7
2124.00 -114.0
2126.00 -108.9
2128.00 -108.0
2130.00 -113.5
2132.00 -109.3
2134.00 -107.6
2136.00 -115.2
2138.00 -115.3
2140.00 -119.7
2142.00 -112.3
2144.00 -105.3
2146.00 -109.7
2148.00 -125.7
2150.00 -113.7
2152.00 -123.7
2154.00 -111.4
2156.00 -108.2
2158.00 -110.5
2160.00 -113.8
2162.00 -111.3
2164.00 -109.9
2166.00 -101.3
2168.00  -95.1
2170.00  -99.7
2172.00 -111.3
2174.00 -117.1
2176.00 -122.2
2178.00 -119.7
2180.00 -112.7
2182.00 -123.1
2184.00 -123.2
2186.00 -108.7
2188.00 -108.5
2190.00 -111.5
2192.00 -104.9
2194.00 -103.9
2196.00 -105.9
2198.00 -109.8
2200.00 -117.4
2202.00 -120.6
2204.00 -119.5
2206.00 -115.3
2208.00 -111.0
2210.00 -107.8
2212.00 -108.7
2214.00 -116.2
2216.00 -106.2
2218.00 -109.0
2220.00 -112.8
2222.00 -113.3
2224.00 -112.9
2226.00 -115.0
2228.00 -119.6
2230.00 -114.8
2232.00 -117.8
2234.00 -115.4
2236.00 -114.5
2238.00 -116.7
2240.00 -122.4
2242.00 -113.8
2244.00 -115.7
2246.00 -118.3
2248.00 -117.6
2250.00 -113.6
2252.00 -117.2
2254.00 -116.4
2256.00 -115.0
2258.00 -109.7
2260.00 -112.6
2262.00 -119.8
2264.00 -115.7
2266.00 -110.5
2268.00 -113.8
2270.00 -136.4
2272.00 -127.6
2274.00 -128.5
2276.00 -114.7
2278.00 -111.8
2280.00 -114.7
2282.00 -109.4
2284.00 -108.4
2286.00 -106.1
2288.00 -108.2
2290.00 -117.2
2292.00 -113.5
2294.00 -107.8
2296.00 -108.4
2298.00 -108.5
2300.00 -110.1
2302.00 -113.0
2304.00 -111.9
2306.00 -110.9
2308.00 -110.6
2310.00 -122.9
2312.00 -111.9
2314.00 -120.9
2316.00 -119.6
2318.00 -112.7
2320.00 -105.3
2322.00 -105.5
2324.00 -110.9
2326.00 -126.3
2328.00 -112.4
2330.00 -111.2
2332.00 -117.7
2334.00 -108.2
2336.00 -105.4
2338.00 -114.5
2340.00 -115.7
2342.00 -114.0
2344.00 -109.6
2346.00 -111.1
2348.00 -112.9
2350.00 -113.4
2352.00 -114.7
2354.00 -114.5
2356.00 -119.3
2358.00 -113.6
2360.00 -107.3
2362.00 -111.4
2364.00 -118.1
2366.00 -121.2
2368.00 -128.8
2370.00 -118.0
2372.00 -123.9
2374.00 -123.6
2376.00 -120.3
2378.00 -120.6
2380.00 -113.6
2382.00 -111.0
2384.00 -111.4
2386.00 -109.6
2388.00 -116.5
2390.00 -111.2
2392.00 -128.4
2394.00 -110.5
2396.00 -112.1
2398.00 -119.8
2400.00 -124.8
2402.00 -124.8
2404.00 -119.9
2406.00 -113.4
2408.00 -115.6
2410.00 -114.4
2412.00 -126.4
2414.00 -123.4
2416.00 -114.5
2418.00 -114.5
2420.00 -115.1
2422.00 -110.8
2424.00 -113.4
2426.00 -115.4
2428.00 -108.4
2430.00 -109.5
2432.00 -113.9
2434.00 -114.0
2436.00 -122.6
2438.00 -114.5
2440.00 -108.5
2442.00 -110.9
2444.00 -117.8
2446.00 -115.9
2448.00 -112.0
2450.00 -111.9
2452.00 -118.3
2454.00 -124.1
2456.00 -112.7
2458.00 -113.9
2460.00 -109.5
2462.00  -93.9
2464.00  -88.8
2466.00  -94.6
2468.00 -131.1
2470.00 -115.9
2472.00 -113.6
2474.00 -115.2
2476.00 -120.4
2478.00 -129.6
2480.00 -119.3
2482.00 -114.4
2484.00 -113.6
2486.00 -104.9
2488.00 -101.1
2490.00 -108.9
2492.00 -117.3
2494.00 -112.4
2496.00 -109.2
2498.00 -108.3
2500.00 -109.8
2502.00 -120.6
2504.00 -113.8
2506.00 -114.2
2508.00 -114.6
2510.00 -112.3
2512.00 -115.7
2514.00 -117.0
2516.00 -120.0
2518.00 -111.0
2520.00 -108.3
2522.00 -109.7
2524.00 -118.0
2526.00 -111.9
2528.00 -107.4
2530.00 -107.8
2532.00 -112.4
2534.00 -114.0
2536.00 -108.7
2538.00 -110.1
2540.00 -114.4
2542.00 -115.5
2544.00 -125.6
2546.00 -111.7
2548.00 -109.5
2550.00 -121.6
2552.00 -123.5
2554.00 -122.7
2556.00 -129.1
2558.00 -112.3
2560.00 -109.7
2562.00 -120.2
2564.00 -110.8
2566.00 -118.2
2568.00 -126.9
2570.00 -119.1
2572.00 -117.8
2574.00 -117.9
2576.00 -107.2
2578.00 -108.4
2580.00 -114.5
2582.00 -115.7
2584.00 -116.6
2586.00 -120.6
2588.00 -112.6
2590.00 -110.5
2592.00 -110.7
2594.00 -109.1
2596.00 -112.4
2598.00 -118.3
2600.00 -116.3
2602.00 -114.8
2604.00 -115.3
2606.00 -106.9
2608.00 -110.7
2610.00 -118.4
2612.00 -117.5
2614.00 -121.5
2616.00 -109.6
2618.00 -110.5
2620.00 -118.4
2622.00 -114.8
2624.00 -113.3
2626.00 -119.3
2628.00 -113.5
2630.00 -106.8
2632.00 -107.8
2634.00 -126.6
2636.00 -111.8
2638.00 -113.4
2640.00 -114.9
2642.00 -116.6
2644.00 -108.5
2646.00 -123.6
2648.00 -107.8
2650.00 -107.3
2652.00 -107.2
2654.00 -110.8
2656.00 -111.0
2658.00 -111.9
2660.00 -117.2
2662.00 -112.4
2664.00 -110.2
2666.00 -115.0
2668.00 -116.6
2670.00 -115.6
2672.00 -115.1
2674.00 -116.1
2676.00 -113.4
2678.00 -112.7
2680.00 -110.5
2682.00 -114.0
2684.00 -111.5
2686.00 -109.2
2688.00 -114.2
2690.00 -119.3
2692.00 -118.3
2694.00 -110.2
2696.00 -109.8
2698.00 -120.2
2700.00 -114.6
2702.00 -109.9
2704.00 -131.0
2706.00 -111.0
2708.00 -108.0
2710.00 -108.4
2712.00 -114.3
2714.00 -116.2
2716.00 -118.9
2718.00 -110.6
2720.00 -106.9
2722.00 -108.1
2724.00 -110.8
2726.00 -115.8
2728.00 -111.0
2730.00 -108.2
2732.00 -109.7
2734.00 -112.0
2736.00 -117.9
2738.00 -120.3
2740.00 -127.2
2742.00 -115.5
2744.00 -118.7
2746.00 -114.9
2748.00 -114.4
2750.00 -110.3
2752.00 -103.6
2754.00 -103.6
2756.00 -108.6
2758.00  -98.3
2760.00  -93.5
2762.00  -99.4
2764.00 -107.8
2766.00 -110.4
2768.00 -114.1
2770.00 -107.8
2772.00 -107.3
2774.00 -110.3
2776.00 -115.7
2778.00 -121.4
2780.00 -113.6
2782.00 -104.5
2784.00 -102.1
2786.00 -105.0
2788.00 -109.7
2790.00 -118.8
2792.00 -114.5
2794.00 -108.0
2796.00 -112.0
2798.00 -137.4
2800.00 -114.1
2802.00 -111.8
2804.00 -118.4
2806.00 -107.9
2808.00 -102.4
2810.00 -105.9
2812.00 -114.3
2814.00 -115.3
2816.00 -114.0
2818.00 -111.7
2820.00 -114.3
2822.00 -114.5
2824.00 -117.1
2826.00 -109.3
2828.00 -110.7
2830.00 -112.5
2832.00 -109.0
2834.00 -110.5
2836.00 -112.5
2838.00 -112.5
2840.00 -108.0
2842.00 -109.0
2844.00 -113.3
2846.00 -119.7
2848.00 -112.8
2850.00 -112.7
2852.00 -122.4
2854.00 -114.3
2856.00 -111.6
2858.00 -116.0
2860.00 -116.3
2862.00 -112.8
2864.00 -109.8
2866.00 -119.3
2868.00 -120.1
2870.00 -125.4
2872.00 -116.3
2874.00 -114.9
2876.00 -111.0
2878.00 -114.6
2880.00 -117.6
2882.00 -114.7
2884.00 -117.4
2886.00 -114.3
2888.00 -126.1
2890.00 -114.5
2892.00 -118.6
2894.00 -115.6
2896.00 -113.4
2898.00 -108.5
2900.00 -104.2
2902.00 -104.7
2904.00 -110.7
2906.00 -120.6
2908.00 -113.0
2910.00 -113.1
2912.00 -119.5
2914.00 -117.1
2916.00 -117.0
2918.00 -118.0
2920.00 -114.0
2922.00 -111.9
2924.00 -119.1
2926.00 -119.4
2928.00 -111.5
2930.00 -110.7
2932.00 -118.3
2934.00 -110.9
2936.00 -107.5
2938.00 -109.5
2940.00 -130.4
2942.00 -118.2
2944.00 -112.9
2946.00 -117.3
2948.00 -113.5
2950.00 -113.5
2952.00 -111.8
2954.00 -109.0
2956.00 -110.9
2958.00 -112.1
2960.00 -112.3
2962.00 -115.8
2964.00 -118.2
2966.00 -112.4
2968.00 -113.6
2970.00 -115.3
2972.00 -127.1
2974.00 -112.7
2976.00 -110.9
2978.00 -114.5
2980.00 -121.2
2982.00 -116.1
2984.00 -118.6
2986.00 -120.0
2988.00 -111.7
2990.00 -112.7
2992.00 -115.2
2994.00 -115.0
2996.00 -115.4
2998.00 -116.0
3000.00 -111.1
3002.00 -109.0
3004.00 -110.9
3006.00 -116.9
3008.00 -127.2
3010.00 -121.1
3012.00 -119.4
3014.00 -115.7
3016.00 -113.3
3018.00 -119.1
3020.00 -113.2
3022.00 -110.5
3024.00 -109.8
3026.00 -110.5
3028.00 -114.0
3030.00 -119.8
3032.00 -112.6
3034.00 -109.3
3036.00 -108.3
3038.00 -112.5
3040.00 -121.9
3042.00 -111.8
3044.00 -113.8
3046.00 -112.5
3048.00 -104.6
3050.00 -106.0
3052.00 -114.4
3054.00 -109.8
3056.00 -101.4
3058.00 -103.5
3060.00 -115.1
3062.00 -113.5
3064.00 -115.4
3066.00 -120.2
3068.00 -113.5
3070.00 -113.1
3072.00 -118.8
3074.00 -116.0
3076.00 -110.8
3078.00 -105.6
3080.00 -103.5
3082.00 -110.3
3084.00 -124.2
3086.00 -117.2
3088.00 -112.9
3090.00 -113.5
3092.00 -112.6
3094.00 -112.8
3096.00 -122.2
3098.00 -127.0
3100.00 -118.6
3102.00 -102.1
3104.00  -97.0
3106.00 -106.4
3108.00 -110.5
3110.00 -141.1
3112.00 -111.2
3114.00 -113.6
3116.00 -109.6
3118.00 -108.9
3120.00 -110.9
3122.00 -111.3
3124.00 -116.1
3126.00 -111.7
3128.00 -111.1
3130.00 -110.5
3132.00 -120.0
3134.00 -112.3
3136.00 -117.8
3138.00 -114.0
3140.00 -115.2
3142.00 -114.9
3144.00 -110.4
3146.00 -107.8
3148.00 -115.4
3150.00 -110.6
3152.00 -108.0
3154.00 -107.7
3156.00 -107.3
3158.00 -110.1
3160.00 -109.1
3162.00 -109.9
3164.00 -112.0
3166.00 -116.2
3168.00 -109.3
3170.00 -108.7
3172.00 -109.9
3174.00 -114.5
3176.00 -115.2
3178.00 -107.7
3180.00 -108.2
3182.00 -116.8
3184.00 -113.1
3186.00 -112.8
3188.00 -108.3
3190.00 -109.5
3192.00 -111.7
3194.00 -119.1
3196.00 -124.9
3198.00 -110.5
3200.00 -106.2
3202.00 -115.0
3204.00 -124.4
3206.00 -123.3
3208.00 -114.8
3210.00 -113.6
3212.00 -119.4
3214.00 -116.5
3216.00 -114.1
3218.00 -120.4
3220.00 -117.8
3222.00 -112.8
3224.00 -108.4
3226.00 -107.6
3228.00 -112.3
3230.00 -115.7
3232.00 -120.0
3234.00 -115.1
3236.00 -113.8
3238.00 -119.0
3240.00 -121.4
3242.00 -121.3
3244.00 -124.5
3246.00 -114.0
3248.00 -109.8
3250.00 -111.8
3252.00 -114.9
3254.00 -112.8
3256.00 -111.6
3258.00 -114.9
3260.00 -110.3
3262.00 -108.8
3264.00 -108.8
3266.00 -110.6
3268.00 -112.4
3270.00 -111.6
3272.00 -112.1
3274.00 -117.6
3276.00 -126.5
3278.00 -116.4
3280.00 -110.4
3282.00 -112.8
3284.00 -112.5
3286.00 -112.3
3288.00 -109.4
3290.00 -110.5
3292.00 -115.6
3294.00 -118.0
3296.00 -113.2
3298.00 -110.5
3300.00 -111.9
3302.00 -108.3
3304.00 -111.9
3306.00 -110.8
3308.00 -109.3
3310.00 -121.3
3312.00 -111.4
3314.00 -109.6
3316.00 -110.7
3318.00 -112.1
3320.00 -118.3
3322.00 -114.6
3324.00 -119.3
3326.00 -112.9
3328.00 -107.2
3330.00 -108.3
3332.00 -110.7
3334.00 -127.6
3336.00 -122.2
3338.00 -112.9
3340.00 -113.8
3342.00 -112.5
3344.00 -113.0
3346.00 -121.6
3348.00 -111.0
3350.00 -106.7
3352.00 -106.0
3354.00 -105.8
3356.00 -107.8
3358.00 -115.0
3360.00 -118.5
3362.00 -116.4
3364.00 -116.0
3366.00 -116.0
3368.00 -111.0
3370.00 -109.9
3372.00 -114.0
3374.00 -111.5
3376.00 -104.1
3378.00 -107.4
3380.00 -111.1
3382.00 -115.7
3384.00 -116.5
3386.00 -116.4
3388.00 -113.6
3390.00 -115.1
3392.00 -118.0
3394.00 -111.3
3396.00 -108.9
3398.00  -56.8
3400.00  -50.8
3402.00  -56.8
3404.00 -125.6
3406.00 -122.9
3408.00 -118.0
3410.00 -119.8
3412.00 -113.9
3414.00 -113.0
3416.00 -118.7
3418.00 -118.8
3420.00 -115.1
3422.00 -104.6
3424.00 -101.7
3426.00 -114.4
3428.00 -108.0
3430.00 -110.9
3432.00 -121.8
3434.00 -127.5
3436.00 -131.3
3438.00 -115.7
3440.00 -106.8
3442.00 -103.9
3444.00 -110.4
3446.00 -112.8
3448.00 -117.3
3450.00 -116.3
3452.00 -118.3
3454.00 -115.3
3456.00 -112.0
3458.00 -116.7
3460.00 -111.3
3462.00 -114.3
3464.00 -116.7
3466.00 -112.7
3468.00 -110.3
3470.00 -120.7
3472.00 -117.4
3474.00 -122.0
3476.00 -123.1
3478.00 -118.9
3480.00 -117.9
3482.00 -110.2
3484.00 -109.0
3486.00 -121.2
3488.00 -110.1
3490.00 -110.9
3492.00 -109.9
3494.00 -109.3
3496.00 -108.3
3498.00 -117.2
3500.00 -110.5
3502.00 -108.7
3504.00 -116.5
3506.00 -117.8
3508.00 -121.1
3510.00 -123.1
3512.00 -118.9
3514.00 -113.0
3516.00 -107.4
3518.00 -108.7
3520.00 -114.4
3522.00 -115.5
3524.00 -122.6
3526.00 -134.7
3528.00 -113.4
3530.00 -110.4
3532.00 -115.1
3534.00 -124.0
3536.00 -121.1
3538.00 -114.8
3540.00 -117.9
3542.00 -116.0
3544.00 -128.6
3546.00 -117.2
3548.00 -115.7
3550.00 -118.3
3552.00 -117.0
3554.00 -117.2
3556.00 -118.6
3558.00 -129.9
3560.00 -112.9
3562.00 -116.5
3564.00 -114.2
3566.00 -112.5
3568.00 -109.9
3570.00 -110.3
3572.00 -122.3
3574.00 -114.9
3576.00 -113.0
3578.00 -108.9
3580.00 -114.2
3582.00 -113.9
3584.00 -114.2
3586.00 -117.9
3588.00 -116.0
3590.00 -117.5
3592.00 -119.8
3594.00 -115.4
3596.00 -116.6
3598.00 -114.5
3600.00 -111.1
3602.00 -116.7
3604.00 -113.9
3606.00 -106.9
3608.00 -106.9
3610.00 -114.4
3612.00 -115.2
3614.00 -111.5
3616.00 -118.2
3618.00 -116.8
3620.00 -118.1
3622.00 -106.2
3624.00 -108.0
3626.00 -112.7
3628.00 -112.4
3630.00 -117.7
3632.00 -113.9
3634.00 -115.9
3636.00 -129.2
3638.00 -122.3
3640.00 -118.6
3642.00 -115.8
3644.00 -113.1
3646.00 -113.8
3648.00 -124.1
3650.00 -126.4
3652.00 -116.5
3654.00 -110.9
3656.00 -111.1
3658.00 -120.1
3660.00 -118.5
3662.00 -114.4
3664.00 -121.3
3666.00 -115.4
3668.00 -116.1
3670.00 -105.2
3672.00 -102.1
3674.00 -109.4
3676.00 -111.5
3678.00 -110.2
3680.00 -116.3
3682.00 -118.1
3684.00 -117.6
3686.00 -118.0
3688.00 -117.1
3690.00 -110.6
3692.00 -113.2
3694.00 -112.3
3696.00 -102.9
3698.00 -104.6
3700.00 -112.7
3702.00 -113.5
3704.00 -112.8
3706.00 -116.7
3708.00 -118.5
3710.00 -121.2
3712.00 -141.5
3714.00 -119.6
3716.00 -118.5
3718.00 -100.1
3720.00  -94.1
3722.00 -100.7
3724.00 -114.0
3726.00 -109.3
3728.00 -117.3
3730.00 -115.2
3732.00 -112.3
3734.00 -108.9
3736.00 -110.8
3738.00 -110.4
3740.00 -110.0
3742.00 -108.8
3744.00 -106.9
3746.00 -111.7
3748.00 -118.8
3750.00 -119.9
3752.00 -118.8
3754.00 -119.0
3756.00 -110.8
3758.00 -115.6
3760.00 -119.6
3762.00 -117.9
3764.00 -125.6
3766.00 -113.0
3768.00 -109.5
3770.00 -109.6
3772.00 -111.6
3774.00 -109.4
3776.00 -107.0
3778.00 -109.2
3780.00 -117.2
3782.00 -119.2
3784.00 -115.0
3786.00 -112.1
3788.00 -116.8
3790.00 -116.8
3792.00 -114.0
3794.00 -121.0
3796.00 -109.9
3798.00 -109.7
3800.00 -107.8
3802.00 -109.2
3804.00 -118.4
3806.00 -111.6
3808.00 -118.1
3810.00 -110.6
3812.00 -111.6
3814.00 -122.4
3816.00 -116.8
3818.00 -108.2
3820.00 -106.2
3822.00 -106.8
3824.00 -107.6
3826.00 -109.7
3828.00 -107.8
3830.00 -107.1
3832.00 -106.8
3834.00 -108.1
3836.00 -114.3
3838.00 -131.6
3840.00 -113.3
3842.00 -114.4
3844.00 -114.6
3846.00 -118.6
3848.00 -115.7
3850.00 -122.5
3852.00 -117.3
3854.00 -117.1
3856.00 -112.9
3858.00 -108.9
3860.00 -112.0
3862.00 -112.1
3864.00 -108.9
3866.00 -108.3
3868.00 -112.0
3870.00 -115.1
3872.00 -114.8
3874.00 -115.5
3876.00 -112.2
3878.00 -111.0
3880.00 -115.2
3882.00 -118.7
3884.00 -116.1
3886.00 -118.2
3888.00 -119.8
3890.00 -118.7
3892.00 -113.7
3894.00 -111.6
3896.00 -116.8
3898.00 -118.7
3900.00 -121.2
3902.00 -125.5
3904.00 -121.7
3906.00 -128.6
3908.00 -122.4
3910.00 -125.4
3912.00 -115.9
3914.00 -113.1
3916.00 -115.7
3918.00 -116.1
3920.00 -116.3
3922.00 -110.6
3924.00 -109.6
3926.00 -112.3
3928.00 -108.5
3930.00 -115.1
3932.00 -110.0
3934.00 -122.9
3936.00 -116.4
3938.00 -118.3
3940.00 -119.2
3942.00 -123.6
3944.00 -117.1
3946.00 -116.8
3948.00 -115.7
3950.00 -113.8
3952.00 -116.1
3954.00 -111.9
3956.00 -111.2
3958.00 -117.8
3960.00 -116.8
3962.00 -113.4
3964.00 -110.1
3966.00 -107.6
3968.00 -108.4
3970.00 -116.9
3972.00 -109.5
3974.00 -115.2
3976.00 -111.8
3978.00 -133.2
3980.00 -112.4
3982.00 -108.0
3984.00 -114.6
3986.00 -120.1
3988.00 -118.5
3990.00 -112.1
3992.00 -106.8
3994.00 -110.3
3996.00 -114.5
3998.00 -106.6
4000.00 -110.5
4002.00 -117.1
4004.00 -111.7
4006.00 -113.7
4008.00 -117.7
4010.00 -119.4
4012.00 -119.2
4014.00  -97.8
4016.00  -93.1
4018.00 -101.5
4020.00 -111.2
4022.00 -116.2
4024.00 -123.3
4026.00 -119.0
4028.00 -114.1
4030.00 -110.0
4032.00 -116.9
4034.00 -113.7
4036.00 -114.3
4038.00  -95.8
4040.00  -89.9
4042.00  -96.4
4044.00 -133.0
4046.00 -115.6
4048.00 -112.8
4050.00 -114.7
4052.00 -133.0
4054.00 -122.8
4056.00 -116.8
4058.00 -106.9
4060.00 -105.4
4062.00 -109.5
4064.00 -119.2
4066.00 -117.0
4068.00 -108.9
4070.00 -108.5
4072.00 -108.4
4074.00 -107.5
4076.00 -112.0
4078.00 -126.8
4080.00 -120.2
4082.00 -113.0
4084.00 -110.3
4086.00 -112.9
4088.00 -108.6
4090.00 -112.8
4092.00 -118.3
4094.00 -114.0
4096.00 -113.5
4098.00 -114.0
4100.00 -108.1
4102.00 -114.1
4104.00 -115.4
4106.00 -108.5
4108.00 -108.8
4110.00 -114.3
4112.00 -128.5
4114.00 -115.1
4116.00 -119.6
4118.00 -114.6
4120.00 -113.0
4122.00 -122.7
4124.00 -114.3
4126.00 -113.9
4128.00 -116.2
4130.00 -110.2
4132.00 -110.0
4134.00 -113.7
4136.00 -110.9
4138.00 -109.2
4140.00 -108.6
4142.00 -113.6
4144.00 -115.7
4146.00 -111.3
4148.00 -114.6
4150.00 -121.2
4152.00 -113.2
4154.00 -108.2
4156.00 -114.7
4158.00 -129.6
4160.00 -123.8
4162.00 -112.6
4164.00 -113.1
4166.00 -116.8
4168.00 -117.7
4170.00 -116.8
4172.00 -115.9
4174.00 -109.0
4176.00 -106.9
4178.00 -110.0
4180.00 -109.5
4182.00 -111.5
4184.00 -112.8
4186.00 -114.5
4188.00 -122.2
4190.00 -115.7
4192.00 -113.5
4194.00 -114.6
4196.00 -119.0
4198.00 -120.0
4200.00 -114.5
4202.00 -112.2
4204.00 -113.8
4206.00 -119.2
4208.00 -122.4
4210.00 -119.7
4212.00 -113.3
4214.00 -110.6
4216.00 -122.5
4218.00 -113.9
4220.00 -115.7
4222.00 -117.0
4224.00 -116.4
4226.00 -129.8
4228.00 -112.8
4230.00 -110.3
4232.00 -114.0
4234.00 -113.6
4236.00 -114.4
4238.00 -110.7
4240.00 -110.1
4242.00 -120.3
4244.00 -119.5
4246.00 -114.6
4248.00 -110.1
4250.00 -125.1
4252.00 -112.9
4254.00 -117.4
4256.00 -127.7
4258.00 -121.7
4260.00 -116.4
4262.00 -111.2
4264.00 -110.8
4266.00 -114.1
4268.00 -121.5
4270.00 -111.6
4272.00 -109.6
4274.00 -112.7
4276.00 -105.7
4278.00 -106.7
4280.00 -120.4
4282.00 -112.4
4284.00 -114.4
4286.00 -115.5
4288.00 -116.4
4290.00 -112.7
4292.00 -113.6
4294.00 -122.9
4296.00 -113.2
4298.00 -114.3
4300.00 -110.8
4302.00 -112.0
4304.00 -112.8
4306.00 -118.6
4308.00 -117.7
4310.00  -99.6
4312.00  -94.5
4314.00 -103.3
4316.00 -106.5
4318.00 -105.8
4320.00 -110.9
4322.00 -113.9
4324.00 -108.3
4326.00 -114.2
4328.00 -115.4
4330.00 -111.6
4332.00 -114.1
4334.00  -99.0
4336.00  -92.7
4338.00  -98.6
4340.00 -114.1
4342.00 -110.1
4344.00 -109.2
4346.00 -109.8
4348.00 -113.8
4350.00 -118.5
4352.00 -114.6
4354.00 -112.7
4356.00 -115.3
4358.00 -105.3
4360.00  -98.9
4362.00 -101.8
4364.00 -108.7
4366.00 -114.6
4368.00 -113.4
4370.00 -112.7
4372.00 -114.9
4374.00 -125.4
4376.00 -110.4
4378.00 -115.3
4380.00 -113.5
4382.00 -109.3
4384.00 -110.1
4386.00 -112.1
4388.00 -117.9
4390.00 -117.3
4392.00 -122.7
4394.00 -115.9
4396.00 -116.4
4398.00 -114.4
4400.00 -113.1
4402.00 -118.2
4404.00 -111.9
4406.00 -116.8
4408.00 -110.7
4410.00 -112.0
4412.00 -124.3
4414.00 -109.4
4416.00 -108.4
4418.00 -114.1
4420.00 -117.2
4422.00 -113.7
4424.00 -113.8
4426.00 -114.9
4428.00 -118.6
4430.00 -117.4
4432.00 -117.4
4434.00 -113.8
4436.00 -111.4
4438.00 -114.6
4440.00 -109.0
4442.00 -106.4
4444.00 -111.4
4446.00 -111.2
4448.00 -115.3
4450.00 -115.8
4452.00 -111.1
4454.00 -109.2
4456.00 -115.0
4458.00 -106.4
4460.00 -106.4
4462.00 -109.7
4464.00 -108.6
4466.00 -108.8
4468.00 -109.0
4470.00 -116.0
4472.00 -113.0
4474.00 -115.1
4476.00 -109.5
4478.00 -111.4
4480.00 -117.0
4482.00 -114.7
4484.00 -115.2
4486.00 -117.0
4488.00 -113.6
4490.00 -111.1
4492.00 -109.6
4494.00 -117.8
4496.00 -110.2
4498.00 -106.3
4500.00 -109.2
4502.00 -113.2
4504.00 -110.9
4506.00 -112.9
4508.00 -119.3
4510.00 -114.4
4512.00 -111.7
4514.00 -115.8
4516.00 -129.8
4518.00 -114.0
4520.00 -112.0
4522.00 -114.2
4524.00 -116.4
4526.00 -124.7
4528.00 -118.3
4530.00 -117.9
4532.00 -119.9
4534.00 -112.8
4536.00 -111.8
4538.00 -115.0
4540.00 -114.9
4542.00 -112.2
4544.00 -111.8
4546.00 -112.8
4548.00 -106.9
4550.00 -111.5
4552.00 -115.2
4554.00 -113.4
4556.00 -116.1
4558.00 -114.5
4560.00 -109.7
4562.00 -123.1
4564.00 -112.7
4566.00 -114.5
4568.00 -112.4
4570.00 -109.0
4572.00 -111.2
4574.00 -116.5
4576.00 -117.0
4578.00 -128.8
4580.00 -123.1
4582.00 -109.6
4584.00 -104.1
4586.00 -109.7
4588.00 -115.6
4590.00 -115.9
4592.00 -129.1
4594.00 -123.4
4596.00 -120.0
4598.00 -115.0
4600.00 -118.1
4602.00 -117.6
4604.00 -114.4
4606.00 -107.4
4608.00 -100.8
4610.00 -106.9
4612.00 -121.6
4614.00 -112.5
4616.00 -116.1
4618.00 -116.1
4620.00 -115.6
4622.00 -114.5
4624.00 -118.5
4626.00 -114.6
4628.00 -116.7
4630.00  -96.3
4632.00  -90.8
4634.00  -97.5
4636.00 -106.9
4638.00 -107.0
4640.00 -110.0
4642.00 -115.0
4644.00 -117.7
4646.00 -120.6
4648.00 -113.0
4650.00 -109.8
4652.00 -121.5
4654.00 -112.2
4656.00 -119.1
4658.00 -113.7
4660.00 -116.6
4662.00 -113.5
4664.00 -106.7
4666.00 -106.4
4668.00 -113.2
4670.00 -114.3
4672.00 -110.8
4674.00 -107.9
4676.00 -121.9
4678.00 -109.0
4680.00 -109.8
4682.00 -108.5
4684.00 -110.0
4686.00 -113.8
4688.00 -117.8
4690.00 -111.9
4692.00 -109.8
4694.00 -109.7
4696.00 -109.2
4698.00 -117.1
4700.00 -112.2
4702.00 -110.5
4704.00 -115.3
4706.00 -118.0
4708.00 -110.3
4710.00 -111.8
4712.00 -116.4
4714.00 -114.2
4716.00 -117.5
4718.00 -117.1
4720.00 -112.4
4722.00 -112.5
4724.00 -113.9
4726.00 -111.2
4728.00 -110.8
4730.00 -110.9
4732.00 -107.4
4734.00 -109.7
4736.00 -110.2
4738.00 -109.6
4740.00 -114.9
4742.00 -114.4
4744.00 -108.4
4746.00 -110.5
4748.00 -112.4
4750.00 -110.6
4752.00 -112.0
4754.00 -113.8
4756.00 -110.5
4758.00 -115.5
4760.00 -112.3
4762.00 -112.9
4764.00 -114.7
4766.00 -114.7
4768.00 -111.3
4770.00 -109.4
4772.00 -105.3
4774.00 -109.1
4776.00 -116.2
4778.00 -112.3
4780.00 -113.9
4782.00 -114.3
4784.00 -110.7
4786.00 -110.4
4788.00 -120.0
4790.00 -121.4
4792.00 -113.5
4794.00 -113.8
4796.00 -119.3
4798.00 -117.3
4800.00 -124.9
4802.00 -116.4
4804.00 -122.8
4806.00 -116.0
4808.00 -117.4
4810.00 -112.2
4812.00 -115.6
4814.00 -116.3
4816.00 -116.0
4818.00 -127.4
4820.00 -110.4
4822.00 -113.5
4824.00 -125.4
4826.00 -113.5
4828.00 -107.6
4830.00 -111.3
4832.00 -111.0
4834.00 -110.4
4836.00 -113.9
4838.00 -118.6
4840.00 -124.8
4842.00 -114.3
4844.00 -114.3
4846.00 -117.4
4848.00 -109.6
4850.00 -109.2
4852.00 -112.4
4854.00 -115.2
4856.00 -118.8
4858.00 -124.4
4860.00 -113.9
4862.00 -110.4
4864.00 -112.0
4866.00 -110.7
4868.00 -111.9
4870.00 -116.0
4872.00 -115.8
4874.00 -118.8
4876.00 -113.5
4878.00 -110.7
4880.00 -108.5
4882.00 -110.9
4884.00 -126.4
4886.00 -122.4
4888.00 -111.5
4890.00 -109.0
4892.00 -112.3
4894.00 -112.9
4896.00 -110.7
4898.00 -108.6
4900.00 -111.8
4902.00 -121.6
4904.00 -109.6
4906.00 -108.6
4908.00 -119.6
4910.00 -115.7
4912.00 -116.7
4914.00 -109.8
4916.00 -125.5
4918.00 -117.0
4920.00 -118.2
4922.00 -118.4
4924.00 -118.6
4926.00 -108.2
4928.00 -105.3
4930.00 -108.1
4932.00 -116.6
4934.00 -113.0
4936.00 -110.5
4938.00 -122.8
4940.00 -113.0
4942.00 -113.7
4944.00 -121.1
4946.00 -116.4
4948.00 -113.8
4950.00 -106.6
4952.00 -100.7
4954.00 -107.1
4956.00 -108.6
4958.00 -106.3
4960.00 -107.8
4962.00 -112.1
4964.00 -121.7
4966.00 -120.4
4968.00 -123.5
4970.00 -116.8
4972.00 -111.2
4974.00 -103.2
4976.00  -97.5
4978.00 -104.9
4980.00 -113.2
4982.00 -123.6
4984.00 -117.4
4986.00 -111.9
4988.00 -114.1
4990.00 -121.5
4992.00 -113.6
4994.00 -111.7
4996.00 -115.7
4998.00 -126.8
5000.00 -114.2
5002.00 -110.8
5004.00 -110.1
5006.00 -109.1
5008.00 -109.8
5010.00 -119.0
5012.00 -110.5
5014.00 -121.0
5016.00 -112.6
5018.00 -123.5
5020.00 -112.3
5022.00 -114.4
5024.00 -116.1
5026.00 -119.0
5028.00 -114.9
5030.00 -121.1
5032.00 -119.7
5034.00 -120.9
5036.00 -126.9
5038.00 -111.4
5040.00 -107.9
5042.00 -112.2
5044.00 -114.0
5046.00 -110.9
5048.00 -108.6
5050.00 -107.9
5052.00 -111.6
5054.00 -118.7
5056.00 -120.7
5058.00 -119.6
5060.00 -111.3
5062.00 -117.8
5064.00 -118.3
5066.00 -116.1
5068.00 -120.6
5070.00 -111.8
5072.00 -113.9
5074.00 -116.1
5076.00 -118.8
5078.00 -116.5
5080.00 -115.2
5082.00 -111.9
5084.00 -117.5
5086.00 -113.8
5088.00 -113.0
5090.00 -109.0
5092.00 -116.6
5094.00 -115.0
5096.00 -112.6
5098.00 -119.0
5100.00 -123.2
5102.00 -116.9
5104.00 -116.7
5106.00 -113.0
5108.00 -116.3
5110.00 -104.3
5112.00 -106.2
5114.00 -110.6
5116.00 -111.8
5118.00 -110.7
5120.00 -118.4
5122.00 -125.1
5124.00 -109.5
5126.00 -108.3
5128.00 -107.9
5130.00 -109.7
5132.00 -113.5
5134.00 -112.9
5136.00 -111.8
5138.00 -111.2
5140.00 -113.9
5142.00 -123.0
5144.00 -128.1
5146.00 -110.3
5148.00 -111.3
5150.00 -122.1
5152.00 -133.6
5154.00 -120.9
5156.00 -115.2
5158.00 -113.5
5160.00 -117.8
5162.00 -123.6
5164.00 -116.1
5166.00 -121.7
5168.00 -124.3
5170.00 -125.4
5172.00 -119.4
5174.00 -113.3
5176.00 -110.5
5178.00 -111.5
5180.00 -119.9
5182.00 -114.4
5184.00 -119.8
5186.00 -119.3
5188.00 -121.3
5190.00 -109.9
5192.00 -114.5
5194.00 -126.5
5196.00 -115.9
5198.00 -116.6
5200.00 -110.2
5202.00 -110.4
5204.00 -110.4
5206.00 -114.8
5208.00 -128.4
5210.00 -122.8
5212.00 -116.7
5214.00 -125.9
5216.00 -116.7
5218.00 -113.7
5220.00 -119.6
5222.00 -110.0
5224.00 -103.7
5226.00 -105.0
5228.00 -108.8
5230.00 -111.7
5232.00 -115.3
5234.00 -117.0
5236.00 -121.0
5238.00 -109.2
5240.00 -109.3
5242.00 -113.9
5244.00 -114.7
5246.00  -93.3
5248.00  -87.1
5250.00  -93.0
5252.00 -121.0
5254.00 -115.6
5256.00 -114.2
5258.00 -123.3
5260.00 -119.5
5262.00 -115.7
5264.00 -114.4
5266.00 -119.6
5268.00 -115.3
5270.00  -97.0
5272.00  -91.6
5274.00  -97.6
5276.00 -129.4
5278.00 -112.4
5280.00 -110.8
5282.00 -107.8
5284.00 -112.8
5286.00 -122.3
5288.00 -120.9
5290.00 -111.9
5292.00 -121.2
5294.00 -111.8
5296.00 -110.8
5298.00 -117.9
5300.00 -111.8
5302.00 -111.2
5304.00 -114.0
5306.00 -124.4
5308.00 -113.6
5310.00 -112.6
5312.00 -109.0
5314.00 -113.5
5316.00 -112.7
5318.00 -117.4
5320.00 -115.9
5322.00 -108.7
5324.00 -110.9
5326.00 -117.8
5328.00 -112.9
5330.00 -107.8
5332.00 -109.2
5334.00 -125.8
5336.00 -116.4
5338.00 -121.7
5340.00 -120.5
5342.00 -111.0
5344.00 -107.7
5346.00 -109.3
5348.00 -105.2
5350.00 -107.0
5352.00 -118.8
5354.00 -118.3
5356.00 -112.3
5358.00 -110.9
5360.00 -111.8
5362.00 -120.0
5364.00 -104.5
5366.00 -101.8
5368.00 -107.5
5370.00 -124.6
5372.00 -117.2
5374.00 -111.7
5376.00 -131.3
5378.00 -113.9
5380.00 -115.6
5382.00 -116.3
5384.00 -116.8
5386.00 -118.4
5388.00 -144.7
5390.00 -111.3
5392.00 -108.6
5394.00 -116.3
5396.00 -124.1
5398.00 -121.4
5400.00 -113.3
5402.00 -113.3
5404.00 -127.7
5406.00 -111.1
5408.00 -108.5
5410.00 -109.1
5412.00 -107.4
5414.00 -116.3
5416.00 -113.6
5418.00 -115.6
5420.00 -117.4
5422.00 -109.8
5424.00 -107.8
5426.00 -112.2
5428.00 -114.9
5430.00 -109.7
5432.00 -111.1
5434.00 -120.4
5436.00 -119.6
5438.00 -111.9
5440.00 -112.7
5442.00 -124.2
5444.00 -118.4
5446.00 -121.4
5448.00 -126.3
5450.00 -119.1
5452.00 -111.8
5454.00 -111.7
5456.00 -113.4
5458.00 -117.1
5460.00 -111.0
5462.00 -114.8
5464.00 -119.6
5466.00 -115.6
5468.00 -112.1
5470.00 -116.8
5472.00 -120.6
5474.00 -111.7
5476.00 -111.8
5478.00 -113.4
5480.00 -117.5
5482.00 -115.1
5484.00 -112.4
5486.00 -114.3
5488.00 -125.7
5490.00 -133.6
5492.00 -117.9
5494.00 -110.1
5496.00 -118.3
5498.00 -123.9
5500.00 -105.7
5502.00 -105.1
5504.00 -114.1
5506.00 -124.3
5508.00 -112.9
5510.00 -111.9
5512.00 -117.2
5514.00 -110.1
5516.00 -109.4
5518.00 -112.0
5520.00 -122.9
5522.00 -116.4
5524.00 -118.6
5526.00 -114.1
5528.00 -112.3
5530.00 -118.2
5532.00 -113.3
5534.00 -110.1
5536.00 -108.9
5538.00 -106.5
5540.00 -106.7
5542.00 -100.0
5544.00  -94.2
5546.00  -99.4
5548.00 -127.6
5550.00 -118.8
5552.00 -122.2
5554.00 -115.9
5556.00 -108.8
5558.00 -109.9
5560.00 -118.8
5562.00 -124.3
5564.00 -125.8
5566.00  -95.6
5568.00  -89.5
5570.00  -95.5
5572.00 -133.5
5574.00 -113.9
5576.00 -112.5
5578.00 -120.3
5580.00 -114.9
5582.00 -112.1
5584.00 -113.2
5586.00 -110.1
5588.00 -111.7
5590.00 -113.5
5592.00 -107.1
5594.00 -107.8
5596.00 -108.3
5598.00 -108.5
5600.00 -117.3
5602.00 -117.1
5604.00 -113.0
5606.00 -110.5
5608.00 -126.0
5610.00 -117.7
5612.00 -115.3
5614.00 -120.7
5616.00 -109.4
5618.00 -105.6
5620.00 -110.0
5622.00 -115.3
5624.00 -121.4
5626.00 -110.7
5628.00 -112.6
5630.00 -113.8
5632.00 -110.6
5634.00 -122.5
5636.00 -115.0
5638.00 -116.9
5640.00 -120.1
5642.00 -117.0
5644.00 -108.6
5646.00 -108.2
5648.00 -111.4
5650.00 -116.5
5652.00 -117.5
5654.00 -110.7
5656.00 -111.0
5658.00 -116.3
5660.00 -119.7
5662.00 -111.6
5664.00 -112.8
5666.00 -116.1
5668.00 -115.7
5670.00 -113.2
5672.00 -117.8
5674.00 -111.8
5676.00 -107.8
5678.00 -108.1
5680.00 -106.7
5682.00 -107.3
5684.00 -117.3
5686.00 -114.7
5688.00 -113.2
5690.00 -117.4
5692.00 -112.1
5694.00 -116.6
5696.00 -109.3
5698.00 -108.4
5700.00 -109.8
5702.00 -114.6
5704.00 -124.2
5706.00 -113.8
5708.00 -115.1
5710.00 -115.7
5712.00 -111.8
5714.00 -120.0
5716.00 -121.5
5718.00 -113.5
5720.00 -121.2
5722.00 -111.2
5724.00 -116.6
5726.00 -121.6
5728.00 -112.4
5730.00 -112.1
5732.00 -118.7
5734.00 -114.2
5736.00 -112.0
5738.00 -111.7
5740.00 -106.1
5742.00 -108.7
5744.00 -111.7
5746.00 -110.1
5748.00 -117.6
5750.00 -121.2
5752.00 -120.6
5754.00 -118.7
5756.00 -110.1
5758.00 -106.2
5760.00 -107.7
5762.00 -109.3
5764.00 -108.5
5766.00 -107.4
5768.00 -107.8
5770.00 -109.7
5772.00 -114.8
5774.00 -118.6
5776.00 -121.9
5778.00 -118.5
5780.00 -114.2
5782.00 -118.2
5784.00 -117.9
5786.00 -112.3
5788.00 -110.0
5790.00 -119.9
5792.00 -112.9
5794.00 -120.7
5796.00 -111.2
5798.00 -112.9
5800.00 -125.0
5802.00 -115.5
5804.00 -109.9
5806.00 -114.1
5808.00 -124.9
5810.00 -122.9
5812.00 -117.2
5814.00 -116.4
5816.00 -113.4
5818.00 -118.7
5820.00 -116.4
5822.00 -114.2
5824.00 -116.1
5826.00 -115.8
5828.00 -109.7
5830.00 -110.7
5832.00 -112.3
5834.00 -113.6
5836.00 -114.6
5838.00 -107.3
5840.00 -104.0
5842.00 -109.5
5844.00 -114.3
5846.00 -112.3
5848.00 -112.7
5850.00 -115.4
5852.00 -110.3
5854.00 -113.3
5856.00 -121.7
5858.00 -115.7
5860.00 -113.8
5862.00 -101.4
5864.00  -95.9
5866.00 -101.7
5868.00 -133.6
5870.00 -124.9
5872.00 -119.3
5874.00 -119.6
5876.00 -115.5
5878.00 -118.9
5880.00 -113.0
5882.00 -117.3
5884.00 -120.3
5886.00  -96.9
5888.00  -90.3
5890.00  -95.4
5892.00 -112.6
5894.00 -119.3
5896.00 -113.1
5898.00 -118.3
5900.00 -112.6
5902.00 -111.7
5904.00 -116.3
5906.00 -126.6
5908.00 -121.4
5910.00 -111.5
5912.00 -104.3
5914.00 -108.8
5916.00 -119.7
5918.00 -113.7
5920.00 -116.7
5922.00 -109.4
5924.00 -112.2
5926.00 -115.0
5928.00 -116.3
5930.00 -118.0
5932.00 -115.5
5934.00 -117.3
5936.00 -125.3
5938.00 -120.0
5940.00 -124.0
5942.00 -109.0
5944.00 -110.9
5946.00 -123.6
5948.00 -134.5
5950.00 -121.0
5952.00 -116.0
5954.00 -116.6
5956.00 -118.1
5958.00 -120.0
5960.00 -115.3
5962.00 -110.4
5964.00 -110.1
5966.00 -111.3
5968.00 -116.7
5970.00 -111.8
5972.00 -115.0
5974.00 -116.2
5976.00 -126.9
5978.00 -111.7
5980.00 -107.6
5982.00 -107.7
5984.00 -111.5
5986.00 -114.3
5988.00 -109.9
5990.00 -113.8
5992.00 -121.8
5994.00 -116.3
5996.00 -115.0
5998.00 -108.4
6000.00 -109.5
6002.00 -116.8
6004.00 -124.0
6006.00 -111.6
6008.00 -114.1
6010.00 -119.5
6012.00 -114.2
6014.00 -113.3
6016.00 -122.6
6018.00 -121.4
6020.00 -116.2
6022.00 -110.4
6024.00 -109.3
6026.00 -118.2
6028.00 -109.6
6030.00 -108.9
6032.00 -114.8
6034.00 -117.9
6036.00 -113.0
6038.00 -109.5
6040.00 -109.1
6042.00 -113.7
6044.00 -122.1
6046.00 -110.2
6048.00 -104.3
6050.00 -107.3
6052.00 -107.6
6054.00 -109.1
6056.00 -117.9
6058.00 -114.9
6060.00 -114.3
6062.00 -112.7
6064.00 -113.3
6066.00 -116.3
6068.00 -113.2
6070.00 -108.2
6072.00 -112.8
6074.00 -120.0
6076.00 -119.6
6078.00 -114.6
6080.00 -114.6
6082.00 -120.1
6084.00 -121.6
6086.00 -111.8
6088.00 -109.4
6090.00 -115.7
6092.00 -113.1
6094.00 -108.5
6096.00 -108.1
6098.00 -117.9
6100.00 -126.3
6102.00 -124.7
6104.00 -117.7
6106.00 -121.0
6108.00 -120.2
6110.00 -125.9
6112.00 -121.4
6114.00 -123.6
6116.00 -114.7
6118.00 -112.8
6120.00 -124.2
6122.00 -116.7
6124.00 -112.0
6126.00 -116.8
6128.00 -113.3
6130.00 -115.5
6132.00 -120.4
6134.00 -113.7
6136.00 -106.7
6138.00 -108.1
6140.00 -112.1
6142.00 -118.0
6144.00 -129.1
6146.00 -145.7
6148.00 -116.6
6150.00 -113.3
6152.00 -112.9
6154.00 -113.2
6156.00 -111.5
6158.00 -103.5
6160.00 -101.6
6162.00 -109.2
6164.00 -117.3
6166.00 -119.2
6168.00 -129.2
6170.00 -121.8
6172.00 -121.9
6174.00 -114.2
6176.00 -111.5
6178.00 -113.5
6180.00 -110.4
6182.00  -91.5
6184.00  -86.4
6186.00  -92.5
6188.00 -127.4
6190.00 -115.1
6192.00 -118.2
6194.00 -117.5
6196.00 -115.4
6198.00 -116.6
6200.00 -130.6
6202.00 -115.9
6204.00 -113.5
6206.00 -115.4
6208.00 -113.2
6210.00 -129.0
6212.00 -117.9
6214.00 -114.5
6216.00 -113.9
6218.00 -106.5
6220.00 -110.2
6222.00 -114.1
6224.00 -107.1
6226.00 -113.0
6228.00 -116.4
6230.00 -117.4
6232.00 -138.5
6234.00 -125.2
6236.00 -118.5
6238.00 -115.0
6240.00 -117.5
6242.00 -120.8
6244.00 -116.2
6246.00 -125.7
6248.00 -110.5
6250.00 -109.9
6252.00 -128.0
6254.00 -114.7
6256.00 -116.1
6258.00 -114.1
6260.00 -115.2
6262.00 -113.2
6264.00 -110.9
6266.00 -116.0
6268.00 -125.0
6270.00 -117.4
6272.00 -115.2
6274.00 -119.2
6276.00 -126.0
6278.00 -111.2
6280.00 -108.8
6282.00 -110.1
6284.00 -106.9
6286.00 -109.2
6288.00 -111.4
6290.00 -110.4
6292.00 -117.4
6294.00 -113.5
6296.00 -112.6
6298.00 -117.5
6300.00 -115.1
6302.00 -115.5
6304.00 -113.5
6306.00 -111.5
6308.00 -108.7
6310.00 -111.5
6312.00 -115.7
6314.00 -122.1
6316.00 -108.3
6318.00 -108.7
6320.00 -113.5
6322.00 -115.3
6324.00 -111.2
6326.00 -107.6
6328.00 -111.2
6330.00 -123.6
6332.00 -115.5
6334.00 -122.0
6336.00 -113.4
6338.00 -111.7
6340.00 -109.8
6342.00 -125.4
6344.00 -117.6
6346.00 -110.5
6348.00 -108.6
6350.00 -109.4
6352.00 -110.2
6354.00 -119.0
6356.00 -112.9
6358.00 -118.8
6360.00 -122.7
6362.00 -120.5
6364.00 -125.2
6366.00 -118.6
6368.00 -117.1
6370.00 -117.7
6372.00 -111.2
6374.00 -112.9
6376.00 -107.7
6378.00 -107.0
6380.00 -115.3
6382.00 -115.7
6384.00 -115.5
6386.00 -114.0
6388.00 -110.2
6390.00 -113.4
6392.00 -119.1
6394.00 -132.0
6396.00 -115.7
6398.00 -110.5
6400.00 -112.3
6402.00 -114.6
6404.00 -111.3
6406.00 -114.2
6408.00 -110.2
6410.00 -115.3
6412.00 -121.8
6414.00 -114.9
6416.00 -117.4
6418.00 -117.4
6420.00 -114.7
6422.00 -113.8
6424.00 -109.7
6426.00 -111.7
6428.00 -115.1
6430.00 -114.2
6432.00 -114.3
6434.00 -118.7
6436.00 -121.2
6438.00 -124.9
6440.00 -114.2
6442.00 -115.6
6444.00 -114.4
6446.00 -115.1
6448.00 -120.5
6450.00 -124.4
6452.00 -118.8
6454.00 -111.8
6456.00 -106.5
6458.00 -109.3
6460.00 -115.4
6462.00 -116.4
6464.00 -115.5
6466.00 -115.1
6468.00 -112.4
6470.00 -117.0
6472.00 -118.3
6474.00 -134.6
6476.00 -117.2
6478.00 -102.1
6480.00  -97.6
6482.00 -103.5
6484.00 -108.9
6486.00 -107.9
6488.00 -108.3
6490.00 -108.2
6492.00 -109.5
6494.00 -111.7
6496.00 -129.0
6498.00 -116.0
6500.00 -113.0
6502.00 -108.8
6504.00 -100.3
6506.00 -103.9
6508.00 -113.4
6510.00 -112.2
6512.00 -114.0
6514.00 -112.2
6516.00 -109.6
6518.00 -115.1
6520.00 -111.6
6522.00 -109.0
6524.00 -117.9
6526.00 -111.8
6528.00 -108.4
6530.00 -119.6
6532.00 -118.0
6534.00 -124.2
6536.00 -120.4
6538.00 -109.3
6540.00 -109.0
6542.00 -109.0
6544.00 -110.3
6546.00 -111.3
6548.00 -120.2
6550.00 -110.3
6552.00 -109.7
6554.00 -122.0
6556.00 -115.8
6558.00 -111.4
6560.00 -124.8
6562.00 -110.2
6564.00 -115.7
6566.00 -112.2
6568.00 -114.4
6570.00 -117.1
6572.00 -121.6
6574.00 -115.3
6576.00 -126.3
6578.00 -117.4
6580.00 -118.4
6582.00 -108.6
6584.00 -106.9
6586.00 -110.7
6588.00 -110.9
6590.00 -108.7
6592.00 -106.0
6594.00 -110.7
6596.00 -120.0
6598.00 -123.4
6600.00 -122.7
6602.00 -108.7
6604.00 -104.1
6606.00 -109.5
6608.00 -118.7
6610.00 -112.5
6612.00 -113.3
6614.00 -115.7
6616.00 -114.0
6618.00 -106.6
6620.00 -107.7
6622.00 -113.2
6624.00 -120.8
6626.00 -111.1
6628.00 -109.0
6630.00 -129.5
6632.00 -120.6
6634.00 -115.1
6636.00 -110.5
6638.00 -113.7
6640.00 -130.9
6642.00 -110.7
6644.00 -110.4
6646.00 -113.4
6648.00 -108.0
6650.00 -115.7
6652.00 -116.8
6654.00 -113.5
6656.00 -113.6
6658.00 -109.3
6660.00 -108.3
6662.00 -110.2
6664.00 -119.4
6666.00 -121.0
6668.00 -113.8
6670.00 -111.5
6672.00 -111.6
6674.00 -112.8
6676.00 -120.0
6678.00 -114.9
6680.00 -113.4
6682.00 -117.7
6684.00 -126.0
6686.00 -122.7
6688.00 -115.2
6690.00 -111.9
6692.00 -114.2
6694.00 -119.1
6696.00 -123.4
6698.00 -112.1
6700.00 -108.6
6702.00 -111.8
6704.00 -123.9
6706.00 -114.2
6708.00 -112.6
6710.00 -119.9
6712.00 -108.9
6714.00 -112.7
6716.00 -116.4
6718.00 -120.2
6720.00 -115.6
6722.00 -108.5
6724.00 -111.6
6726.00 -118.7
6728.00 -108.1
6730.00 -111.1
6732.00 -115.6
6734.00 -112.3
6736.00 -112.7
6738.00 -115.6
6740.00 -115.0
6742.00 -122.0
6744.00 -121.3
6746.00 -114.8
6748.00 -136.3
6750.00 -113.0
6752.00 -108.8
6754.00 -110.2
6756.00 -112.2
6758.00 -117.1
6760.00 -113.9
6762.00 -110.9
6764.00 -116.6
6766.00 -115.9
6768.00 -110.1
6770.00 -110.3
6772.00 -115.2
6774.00 -113.3
6776.00 -107.9
6778.00 -106.3
6780.00 -107.6
6782.00 -118.6
6784.00 -123.6
6786.00 -115.9
6788.00 -115.5
6790.00 -115.6
6792.00 -108.0
6794.00 -108.3
6796.00 -115.0
6798.00  -88.7
6800.00  -82.8
6802.00  -89.0
6804.00 -118.5
6806.00 -129.4
6808.00 -117.8
6810.00 -109.9
6812.00 -112.3
6814.00 -109.3
6816.00 -107.7
6818.00 -114.0
6820.00 -118.4
6822.00 -111.0
6824.00 -105.7
6826.00 -113.3
6828.00 -118.3
6830.00 -120.0
6832.00 -115.8
6834.00 -111.0
6836.00 -110.5
6838.00 -118.1
6840.00 -118.9
6842.00 -109.9
6844.00 -107.8
6846.00 -117.1
6848.00 -109.5
6850.00 -111.9
6852.00 -111.8
6854.00 -111.0
6856.00 -108.1
6858.00 -110.5
6860.00 -113.0
6862.00 -118.2
6864.00 -115.0
6866.00 -110.6
6868.00 -105.3
6870.00 -114.3
6872.00 -107.4
6874.00 -107.4
6876.00 -109.6
6878.00 -116.6
6880.00 -121.2
6882.00 -113.1
6884.00 -117.4
6886.00 -135.6
6888.00 -116.0
6890.00 -115.0
6892.00 -121.7
6894.00 -118.6
6896.00 -125.0
6898.00 -110.4
6900.00 -108.8
6902.00 -108.4
6904.00 -115.8
6906.00 -116.7
6908.00 -130.1
6910.00 -115.1
6912.00 -117.1
6914.00 -121.9
6916.00 -132.8
6918.00 -112.9
6920.00 -109.9
6922.00 -112.4
6924.00 -111.5
6926.00 -111.2
6928.00 -111.6
6930.00 -121.0
6932.00 -108.6
6934.00 -108.7
6936.00 -107.9
6938.00 -128.3
6940.00 -113.1
6942.00 -110.0
6944.00 -112.7
6946.00 -125.1
6948.00 -118.4
6950.00 -127.7
6952.00 -118.2
6954.00 -120.0
6956.00 -116.5
6958.00 -107.9
6960.00 -108.5
6962.00 -112.2
6964.00 -116.3
6966.00 -115.8
6968.00 -111.8
6970.00 -113.3
6972.00 -120.8
6974.00 -126.6
6976.00 -119.9
6978.00 -110.9
6980.00 -109.0
6982.00 -120.0
6984.00 -120.2
6986.00 -117.2
6988.00 -107.3
6990.00 -109.7
6992.00 -113.3
6994.00 -112.7
6996.00 -116.0
6998.00 -110.9
7000.00 -109.6
7002.00 -113.3
7004.00 -116.9
7006.00 -117.8
7008.00 -118.4
7010.00 -144.0
7012.00 -114.4
7014.00 -113.5
7016.00 -122.3
7018.00 -108.9
7020.00 -111.5
7022.00 -119.0
7024.00 -115.4
7026.00 -113.4
7028.00 -118.5
7030.00 -113.2
7032.00 -116.7
7034.00 -121.9
7036.00 -116.8
7038.00 -120.3
7040.00 -111.4
7042.00 -111.9
7044.00 -122.8
7046.00 -132.6
7048.00 -115.1
7050.00 -116.4
7052.00 -114.8
7054.00 -112.9
7056.00 -116.2
7058.00 -121.1
7060.00 -116.2
7062.00 -117.5
7064.00 -118.6
7066.00 -122.0
7068.00 -114.6
7070.00 -110.2
7072.00 -106.7
7074.00 -111.6
7076.00 -114.4
7078.00 -111.4
7080.00 -122.3
7082.00 -116.4
7084.00 -119.0
7086.00 -116.7
7088.00 -120.9
7090.00 -112.5
7092.00 -114.6
7094.00 -107.4
7096.00  -99.7
7098.00 -102.6
7100.00 -109.1
7102.00 -112.7
7104.00 -111.6
7106.00 -110.0
7108.00 -112.2
7110.00 -123.2
7112.00 -138.5
7114.00 -115.0
7116.00 -108.1
7118.00  -99.0
7120.00  -92.2
7122.00  -99.0
7124.00 -111.2
7126.00 -111.9
7128.00 -115.9
7130.00 -108.1
7132.00 -105.4
7134.00 -116.5
7136.00 -116.7
7138.00 -116.0
7140.00 -112.7
7142.00 -111.4
7144.00 -114.9
7146.00 -118.0
7148.00 -116.8
7150.00 -111.7
7152.00 -110.4
7154.00 -113.6
7156.00 -110.5
7158.00 -116.5
7160.00 -124.7
7162.00 -118.3
7164.00 -116.1
7166.00 -119.2
7168.00 -136.2
7170.00 -111.2
7172.00 -107.6
7174.00 -107.4
7176.00 -111.7
7178.00 -114.6
7180.00 -108.0
7182.00 -121.9
7184.00 -115.7
7186.00 -115.4
7188.00 -116.4
7190.00 -118.8
7192.00 -112.5
7194.00 -118.4
7196.00 -112.1
7198.00 -121.3
7200.00 -117.2
7202.00 -115.4
7204.00 -111.8
7206.00 -110.2
7208.00 -110.7
7210.00 -115.4
7212.00 -117.5
7214.00 -112.0
7216.00 -112.0
7218.00 -115.5
7220.00 -115.0
7222.00 -113.8
7224.00 -109.0
7226.00 -110.9
7228.00 -117.1
7230.00 -111.8
7232.00 -107.4
7234.00 -107.8
7236.00 -107.9
7238.00 -108.6
7240.00 -114.7
7242.00 -116.2
7244.00 -110.0
7246.00 -111.8
7248.00 -118.4
7250.00 -116.7
7252.00 -112.4
7254.00 -114.1
7256.00 -123.1
7258.00 -116.1
7260.00 -111.1
7262.00 -114.7
7264.00 -110.3
7266.00 -111.5
7268.00 -107.5
7270.00 -111.9
7272.00 -110.6
7274.00 -113.8
7276.00 -108.9
7278.00 -110.3
7280.00 -112.5
7282.00 -108.8
7284.00 -113.5
7286.00 -117.6
7288.00 -116.9
7290.00 -115.6
7292.00 -109.6
7294.00 -111.0
7296.00 -115.5
7298.00 -118.3
7300.00 -120.9
7302.00 -119.6
7304.00 -113.6
7306.00 -109.7
7308.00 -109.7
7310.00 -121.6
7312.00 -126.5
7314.00 -116.4
7316.00 -128.4
7318.00 -126.0
7320.00 -117.4
7322.00 -114.5
7324.00 -113.2
7326.00 -116.0
7328.00 -125.0
7330.00 -117.3
7332.00 -112.0
7334.00 -114.6
7336.00 -119.1
7338.00 -116.2
7340.00 -111.2
7342.00 -107.8
7344.00 -111.1
7346.00 -110.5
7348.00 -114.9
7350.00 -117.8
7352.00 -115.2
7354.00 -111.8
7356.00 -111.7
7358.00 -120.8
7360.00 -116.7
7362.00 -110.5
7364.00 -111.4
7366.00 -106.7
7368.00 -106.3
7370.00 -121.7
7372.00 -108.4
7374.00 -105.6
7376.00 -110.2
7378.00 -116.4
7380.00 -109.8
7382.00 -114.8
7384.00 -115.1
7386.00 -116.6
7388.00 -115.8
7390.00 -109.5
7392.00 -108.4
7394.00 -115.3
7396.00 -121.1
7398.00 -114.9
7400.00 -111.4
7402.00 -107.0
7404.00 -103.7
7406.00 -107.1
7408.00 -112.4
7410.00 -109.1
7412.00 -105.4
7414.00  -99.4
7416.00  -95.2
7418.00 -101.0
7420.00 -123.8
7422.00 -111.4
7424.00 -110.0
7426.00 -114.6
7428.00 -115.1
7430.00 -118.5
7432.00 -118.1
7434.00 -120.9
7436.00 -114.4
7438.00 -103.0
7440.00  -97.4
7442.00 -101.4
7444.00 -112.8
7446.00 -115.4
7448.00 -113.4
7450.00 -114.9
7452.00 -124.1
7454.00 -122.2
7456.00 -115.6
7458.00 -112.1
7460.00 -111.2
7462.00 -116.4
7464.00 -115.4
7466.00 -128.0
7468.00 -113.9
7470.00 -113.6
7472.00 -117.0
7474.00 -107.0
7476.00 -110.0
7478.00 -116.4
7480.00 -121.8
7482.00 -112.9
7484.00 -114.4
7486.00 -119.8
7488.00 -115.7
7490.00 -111.7
7492.00 -112.9
7494.00 -109.0
7496.00 -108.3
7498.00 -111.0
7500.00 -116.4
7502.00 -122.9
7504.00 -116.8
7506.00 -111.9
7508.00 -111.1
7510.00 -119.4
7512.00 -117.4
7514.00 -109.3
7516.00 -106.6
7518.00 -109.2
7520.00 -113.3
7522.00 -110.6
7524.00 -124.1
7526.00 -112.9
7528.00 -111.2
7530.00 -113.7
7532.00 -113.3
7534.00 -114.9
7536.00 -118.8
7538.00 -124.8
7540.00 -112.4
7542.00 -110.6
7544.00 -115.2
7546.00 -121.5
7548.00 -113.6
7550.00 -110.5
7552.00 -114.3
7554.00 -111.5
7556.00 -107.1
7558.00 -107.6
7560.00 -110.0
7562.00 -113.0
7564.00 -115.9
7566.00 -110.1
7568.00 -109.4
7570.00 -110.3
7572.00 -114.4
7574.00 -113.9
7576.00 -118.3
7578.00 -124.8
7580.00 -119.7
7582.00 -118.2
7584.00 -111.3
7586.00 -125.1
7588.00 -108.4
7590.00 -111.4
7592.00 -120.7
7594.00 -113.2
7596.00 -122.3
7598.00 -114.6
7600.00 -133.8
7602.00 -116.1
7604.00 -108.7
7606.00 -107.5
7608.00 -109.3
7610.00 -119.3
7612.00 -112.9
7614.00 -114.3
7616.00 -118.1
7618.00 -117.5
7620.00 -111.9
7622.00 -113.0
7624.00 -115.6
7626.00 -114.0
7628.00 -120.1
7630.00 -122.2
7632.00 -119.0
7634.00 -124.8
7636.00 -116.9
7638.00 -108.5
7640.00 -111.0
7642.00 -125.2
7644.00 -120.6
7646.00 -119.2
7648.00 -118.0
7650.00 -118.4
7652.00 -122.1
7654.00 -110.0
7656.00 -111.6
7658.00 -112.3
7660.00 -112.4
7662.00 -121.3
7664.00 -116.1
7666.00 -115.2
7668.00 -120.1
7670.00 -116.2
7672.00 -120.8
7674.00 -111.1
7676.00 -108.7
7678.00 -114.7
7680.00 -118.1
7682.00 -109.8
7684.00 -113.9
7686.00 -114.4
7688.00 -106.4
7690.00 -115.5
7692.00 -110.5
7694.00 -112.2
7696.00 -122.3
7698.00 -117.2
7700.00 -114.0
7702.00 -111.7
7704.00 -108.9
7706.00 -109.9
7708.00 -117.0
7710.00 -112.3
7712.00 -118.4
7714.00 -111.9
7716.00 -114.4
7718.00 -115.4
7720.00 -112.8
7722.00 -121.5
7724.00 -111.5
7726.00 -117.1
7728.00 -111.5
7730.00 -112.5
7732.00 -115.6
7734.00 -109.7
7736.00 -106.0
7738.00 -112.4
7740.00 -118.3
7742.00 -123.6
7744.00 -126.8
7746.00 -131.1
7748.00 -125.8
7750.00 -121.4
7752.00 -119.4
7754.00 -110.9
7756.00 -106.8
7758.00 -107.2
7760.00  -99.2
7762.00 -102.5
7764.00 -114.6
7766.00 -125.9
7768.00 -117.4
7770.00 -118.0
7772.00 -129.6
7774.00 -122.3
7776.00 -116.2
7778.00 -112.4
7780.00 -115.7
7782.00 -118.5
7784.00 -121.8
7786.00 -112.4
7788.00 -110.1
7790.00 -111.5
7792.00 -108.7
7794.00 -112.1
7796.00 -123.4
7798.00 -115.8
7800.00 -116.9
7802.00 -118.9
7804.00 -112.4
7806.00 -108.3
7808.00 -107.3
7810.00 -110.1
7812.00 -115.8
7814.00 -119.8
7816.00 -121.9
7818.00 -120.4
7820.00 -123.0
7822.00 -113.5
7824.00 -107.8
7826.00 -111.9
7828.00 -125.1
7830.00 -114.2
7832.00 -113.0
7834.00 -116.5
7836.00 -115.7
7838.00 -120.1
7840.00 -127.9
7842.00 -115.2
7844.00 -112.5
7846.00 -115.5
7848.00 -112.0
7850.00 -108.1
7852.00 -109.7
7854.00 -110.7
7856.00 -109.2
7858.00 -112.7
7860.00 -117.1
7862.00 -111.8
7864.00 -108.3
7866.00 -110.0
7868.00 -114.9
7870.00 -108.0
7872.00 -109.9
7874.00 -114.6
7876.00 -114.3
7878.00 -116.2
7880.00 -114.8
7882.00 -110.4
7884.00 -112.6
7886.00 -115.8
7888.00 -113.6
7890.00 -112.6
7892.00 -119.3
7894.00 -109.8
7896.00 -105.3
7898.00 -112.8
7900.00 -111.0
7902.00 -106.5
7904.00 -108.3
7906.00 -109.9
7908.00 -106.9
7910.00 -110.0
7912.00 -125.0
7914.00 -118.9
7916.00 -116.0
7918.00 -119.5
7920.00 -111.6
7922.00 -110.4
7924.00 -115.8
7926.00 -124.5
7928.00 -120.6
7930.00 -116.1
7932.00 -113.9
7934.00 -114.9
7936.00 -115.8
7938.00 -115.7
7940.00 -117.3
7942.00 -120.6
7944.00 -115.3
7946.00 -115.3
7948.00 -116.7
7950.00 -110.3
7952.00 -109.2
7954.00 -116.0
7956.00 -123.0
7958.00 -118.2
7960.00 -114.6
7962.00 -121.7
7964.00 -113.4
7966.00 -113.4
7968.00 -119.5
7970.00 -112.3
7972.00 -113.9
7974.00 -119.0
7976.00 -116.8
7978.00 -115.0
7980.00 -116.3
7982.00 -109.8
7984.00 -107.2
7986.00 -110.7
7988.00 -112.0
7990.00 -107.8
7992.00 -108.6
7994.00 -117.0
7996.00 -118.9
7998.00 -113.3
8000.00 -114.7
8002.00 -116.6
8004.00 -113.4
8006.00 -113.8
8008.00 -105.4
8010.00 -106.7
8012.00 -118.1
8014.00 -109.6
8016.00 -121.6
8018.00 -119.4
8020.00 -110.4
8022.00 -116.2
8024.00 -122.2
8026.00 -124.8
8028.00 -126.6
8030.00  -92.5
8032.00  -86.9
8034.00  -93.6
8036.00 -114.5
8038.00 -118.5
8040.00 -132.1
8042.00 -130.0
8044.00 -113.2
8046.00 -110.1
8048.00 -112.8
8050.00 -115.4
8052.00 -115.5
8054.00  -99.1
8056.00  -92.9
8058.00  -99.7
8060.00 -132.3
8062.00 -121.4
8064.00 -118.3
8066.00 -115.1
8068.00 -116.1
8070.00 -112.1
8072.00 -115.8
8074.00 -123.7
8076.00 -115.8
8078.00 -134.2
8080.00 -110.1
8082.00 -113.2
8084.00 -113.0
8086.00 -113.3
8088.00 -117.2
8090.00 -118.6
8092.00 -119.9
8094.00 -122.1
8096.00 -115.6
8098.00 -109.6
8100.00 -115.4
8102.00 -108.3
8104.00 -106.8
8106.00 -112.4
8108.00 -117.6
8110.00 -112.7
8112.00 -118.2
8114.00 -112.6
8116.00 -114.0
8118.00 -113.9
8120.00 -116.8
8122.00 -112.7
8124.00 -107.0
8126.00 -111.2
8128.00 -125.6
8130.00 -116.3
8132.00 -116.8
8134.00 -113.1
8136.00 -110.6
8138.00 -110.8
8140.00 -109.2
8142.00 -115.7
8144.00 -113.1
8146.00 -107.8
8148.00 -112.1
8150.00 -123.3
8152.00 -113.0
8154.00 -113.2
8156.00 -111.9
8158.00 -110.8
8160.00 -108.0
8162.00 -109.6
8164.00 -113.2
8166.00 -116.5
8168.00 -127.9
8170.00 -118.5
8172.00 -118.2
8174.00 -122.8
8176.00 -112.5
8178.00 -116.1
8180.00 -114.0
8182.00 -117.2
8184.00 -117.7
8186.00 -114.0
8188.00 -108.1
8190.00 -108.2
8192.00 -114.3
