    250      -6.05
    500      -5.95
    750      -5.87
   1000      -5.85
   1250      -5.85
   1500      -5.83
   2000      -5.85
   2250      -5.86
   2500      -5.8
   2750      -5.75
   3000      -5.75
   3250      -5.67
   3500      -5.67
   3750      -5.64
   4000      -5.64
   4250      -5.65
   4500      -5.65
   4750      -5.63
   5000      -5.63
   5250      -5.63
   5500      -5.58
   5750      -5.54
   6000      -5.55
   6250      -5.54
   6500      -5.52
   6750      -5.52
   7000      -5.52
   7250      -5.48
   7500      -5.43
   7750      -5.33
   8000      -5.33
