200.0000   5.38
400.0000   5.26
600.0000   5.23
800.0000   5.22
1000.0000   5.13
1200.0000   5.11
1400.0000   5.03
1600.0000   4.90
1800.0000   4.89
2000.0000   4.86
2200.0000   4.86
2400.0000   4.82
2600.0000   4.83
2800.0000   4.83
3000.0000   4.81
3200.0000   4.78
3400.0000   4.70
3600.0000   4.69
3800.0000   4.67
4000.0000   4.66
4200.0000   4.64
4400.0000   4.67
4600.0000   4.67
4800.0000   4.65
5000.0000   4.62
5200.0000   4.46
5400.0000   4.52
5600.0000   4.50
5800.0000   4.42
6000.0000   4.45
6200.0000   4.48
6400.0000   4.57
6600.0000   4.53
6800.0000   4.42
7000.0000   4.55
7200.0000   4.52
7400.0000   4.19
7600.0000   4.02
7800.0000   3.92
8000.0000   3.71
8200.0000   3.98
8400.0000   4.03
8600.0000   4.10
8800.0000   4.22
9000.0000   4.23
9200.0000   4.14
9400.0000   4.05
9600.0000   3.79
9800.0000   3.76
10000.0000   3.86
10200.0000   3.83
10400.0000   3.79
10600.0000   3.87
10800.0000   4.02
11000.0000   4.06
11200.0000   4.03
11400.0000   4.00
11600.0000   4.14
11800.0000   4.18
12000.0000   4.14
12200.0000   4.09
12400.0000   3.96
12600.0000   3.77
12800.0000   3.83
13000.0000   3.82
13200.0000   3.94
13400.0000   4.05
13600.0000   4.15
13800.0000   4.05
14000.0000   3.71
14200.0000   3.43
14400.0000   2.86
14600.0000   2.52
14800.0000   2.59
15000.0000   2.63
15200.0000   2.69
15400.0000   2.86
15600.0000   3.13
15800.0000   3.26
16000.0000   3.15
