200.0000   5.41
400.0000   5.31
600.0000   5.27
800.0000   5.23
1000.0000   5.15
1200.0000   5.12
1400.0000   5.06
1600.0000   4.88
1800.0000   4.87
2000.0000   4.87
2200.0000   4.87
2400.0000   4.82
2600.0000   4.83
2800.0000   4.80
3000.0000   4.78
3200.0000   4.75
3400.0000   4.69
3600.0000   4.66
3800.0000   4.63
4000.0000   4.61
4200.0000   4.61
4400.0000   4.59
4600.0000   4.60
4800.0000   4.54
5000.0000   4.54
5200.0000   4.43
5400.0000   4.40
5600.0000   4.38
5800.0000   4.35
6000.0000   4.36
6200.0000   4.43
6400.0000   4.48
6600.0000   4.45
6800.0000   4.35
7000.0000   4.25
7200.0000   4.40
7400.0000   4.18
7600.0000   4.02
7800.0000   3.87
8000.0000   3.48
8200.0000   3.81
8400.0000   3.92
8600.0000   4.01
8800.0000   4.00
9000.0000   4.06
9200.0000   3.89
9400.0000   3.86
9600.0000   3.86
9800.0000   3.77
10000.0000   3.53
10200.0000   3.46
10400.0000   3.39
10600.0000   3.45
10800.0000   3.62
11000.0000   3.85
11200.0000   4.01
11400.0000   4.10
11600.0000   3.98
11800.0000   3.69
12000.0000   3.92
12200.0000   3.68
12400.0000   3.67
12600.0000   3.61
12800.0000   3.64
13000.0000   3.76
13200.0000   3.91
13400.0000   4.02
13600.0000   4.02
13800.0000   3.75
14000.0000   3.57
14200.0000   3.42
14400.0000   3.44
14600.0000   3.25
14800.0000   3.06
15000.0000   2.96
15200.0000   2.81
15400.0000   2.70
15600.0000   2.58
15800.0000   2.62
16000.0000   2.63
