200.0000   5.36
400.0000   5.25
600.0000   5.19
800.0000   5.17
1000.0000   5.11
1200.0000   5.09
1400.0000   5.11
1600.0000   5.02
1800.0000   4.88
2000.0000   4.97
2200.0000   4.93
2400.0000   4.88
2600.0000   4.92
2800.0000   4.87
3000.0000   4.82
3200.0000   4.73
3400.0000   4.67
3600.0000   4.59
3800.0000   4.55
4000.0000   4.54
4200.0000   4.55
4400.0000   4.61
4600.0000   4.64
4800.0000   4.65
5000.0000   4.61
5200.0000   4.54
5400.0000   4.53
5600.0000   4.39
5800.0000   4.33
6000.0000   4.32
6200.0000   4.32
6400.0000   4.46
6600.0000   4.49
6800.0000   4.45
7000.0000   4.54
7200.0000   4.47
7400.0000   4.28
7600.0000   4.01
7800.0000   3.76
8000.0000   3.44
