200.0000   5.28
400.0000   5.17
600.0000   5.13
800.0000   5.12
1000.0000   5.06
1200.0000   5.05
1400.0000   4.97
1600.0000   4.83
1800.0000   4.81
2000.0000   4.82
2200.0000   4.80
2400.0000   4.77
2600.0000   4.79
2800.0000   4.77
3000.0000   4.75
3200.0000   4.69
3400.0000   4.63
3600.0000   4.55
3800.0000   4.45
4000.0000   4.45
4200.0000   4.48
4400.0000   4.50
4600.0000   4.55
4800.0000   4.49
5000.0000   4.51
5200.0000   4.38
5400.0000   4.31
5600.0000   4.29
5800.0000   4.32
6000.0000   4.27
6200.0000   4.32
6400.0000   4.37
6600.0000   4.25
6800.0000   4.33
7000.0000   4.36
7200.0000   4.28
7400.0000   4.18
7600.0000   4.04
7800.0000   3.93
8000.0000   3.49
8200.0000   3.81
8400.0000   3.97
8600.0000   4.03
8800.0000   3.86
9000.0000   3.94
9200.0000   4.01
9400.0000   4.01
9600.0000   3.90
9800.0000   3.69
10000.0000   3.66
10200.0000   3.61
10400.0000   3.51
10600.0000   3.58
10800.0000   3.61
11000.0000   3.45
11200.0000   3.21
11400.0000   3.78
11600.0000   4.04
11800.0000   4.05
12000.0000   4.02
12200.0000   3.90
12400.0000   3.68
12600.0000   3.45
12800.0000   3.37
13000.0000   3.33
13200.0000   3.17
13400.0000   3.28
13600.0000   3.82
13800.0000   3.87
14000.0000   3.72
14200.0000   3.46
14400.0000   3.21
14600.0000   2.91
14800.0000   2.60
15000.0000   2.31
15200.0000   2.08
15400.0000   2.34
15600.0000   2.52
15800.0000   2.68
16000.0000   2.94
