200.0000   5.44
400.0000   5.34
600.0000   5.26
800.0000   5.20
1000.0000   5.13
1200.0000   5.08
1400.0000   5.06
1600.0000   4.91
1800.0000   4.86
2000.0000   4.94
2200.0000   4.91
2400.0000   4.88
2600.0000   4.87
2800.0000   4.85
3000.0000   4.70
3200.0000   4.83
3400.0000   4.65
3600.0000   4.63
3800.0000   4.59
4000.0000   4.50
4200.0000   4.55
4400.0000   4.55
4600.0000   4.54
4800.0000   4.52
5000.0000   4.48
5200.0000   4.36
5400.0000   4.36
5600.0000   4.37
5800.0000   4.32
6000.0000   4.32
6200.0000   4.36
6400.0000   4.33
6600.0000   4.40
6800.0000   4.33
7000.0000   4.30
7200.0000   4.36
7400.0000   4.18
7600.0000   3.96
7800.0000   3.85
8000.0000   2.32
8200.0000   3.75
8400.0000   3.88
8600.0000   3.99
8800.0000   3.96
9000.0000   3.98
9200.0000   3.82
9400.0000   3.85
9600.0000   3.76
9800.0000   3.72
10000.0000   3.52
10200.0000   3.44
10400.0000   3.33
10600.0000   3.47
10800.0000   3.66
11000.0000   3.83
11200.0000   3.99
11400.0000   4.05
11600.0000   3.85
11800.0000   3.65
12000.0000   3.92
12200.0000   3.65
12400.0000   3.65
12600.0000   3.57
12800.0000   3.66
13000.0000   3.73
13200.0000   3.81
13400.0000   3.96
13600.0000   4.05
13800.0000   3.79
14000.0000   3.54
14200.0000   3.42
14400.0000   3.47
14600.0000   3.32
14800.0000   3.15
15000.0000   2.96
15200.0000   2.75
15400.0000   2.67
15600.0000   2.59
15800.0000   2.66
16000.0000   0.01
