200.0000   5.33
400.0000   5.17
600.0000   5.15
800.0000   5.13
1000.0000   5.06
1200.0000   5.02
1400.0000   4.98
1600.0000   4.92
1800.0000   4.84
2000.0000   5.00
2200.0000   4.83
2400.0000   4.82
2600.0000   4.81
2800.0000   4.80
3000.0000   4.85
3200.0000   4.87
3400.0000   4.64
3600.0000   4.64
3800.0000   4.61
4000.0000   4.68
4200.0000   4.61
4400.0000   4.63
4600.0000   4.66
4800.0000   4.63
5000.0000   4.58
5200.0000   4.43
5400.0000   4.47
5600.0000   4.44
5800.0000   4.36
6000.0000   4.35
6200.0000   4.42
6400.0000   4.48
6600.0000   4.48
6800.0000   4.38
7000.0000   4.52
7200.0000   4.49
7400.0000   4.15
7600.0000   3.97
7800.0000   3.91
8000.0000   4.50
8200.0000   3.96
8400.0000   4.03
8600.0000   4.10
8800.0000   4.13
9000.0000   4.24
9200.0000   4.13
9400.0000   4.04
9600.0000   3.81
9800.0000   3.76
10000.0000   3.90
10200.0000   3.82
10400.0000   3.83
10600.0000   3.90
10800.0000   4.03
11000.0000   4.02
11200.0000   3.97
11400.0000   3.99
11600.0000   4.11
11800.0000   4.15
12000.0000   4.01
12200.0000   4.07
12400.0000   3.94
12600.0000   3.75
12800.0000   3.63
13000.0000   3.83
13200.0000   3.93
13400.0000   4.05
13600.0000   4.15
13800.0000   4.06
14000.0000   3.78
14200.0000   3.45
14400.0000   2.91
14600.0000   2.54
14800.0000   2.60
15000.0000   2.64
15200.0000   2.69
15400.0000   2.89
15600.0000   3.12
15800.0000   3.30
