200.0000   5.35
400.0000   5.23
600.0000   5.17
800.0000   5.15
1000.0000   5.10
1200.0000   5.08
1400.0000   5.02
1600.0000   4.86
1800.0000   4.82
2000.0000   4.82
2200.0000   4.81
2400.0000   4.79
2600.0000   4.80
2800.0000   4.77
3000.0000   4.77
3200.0000   4.72
3400.0000   4.65
3600.0000   4.57
3800.0000   4.48
4000.0000   4.48
4200.0000   4.50
4400.0000   4.53
4600.0000   4.57
4800.0000   4.51
5000.0000   4.52
5200.0000   4.43
5400.0000   4.32
5600.0000   4.32
5800.0000   4.31
6000.0000   4.31
6200.0000   4.32
6400.0000   4.39
6600.0000   4.26
6800.0000   4.34
7000.0000   4.38
7200.0000   4.30
7400.0000   4.16
7600.0000   4.04
7800.0000   3.93
8000.0000   3.51
8200.0000   3.83
8400.0000   3.99
8600.0000   4.04
8800.0000   3.87
9000.0000   3.96
9200.0000   4.02
9400.0000   4.02
9600.0000   3.91
9800.0000   3.72
10000.0000   3.68
10200.0000   3.65
10400.0000   3.52
10600.0000   3.61
10800.0000   3.65
11000.0000   3.45
11200.0000   3.23
11400.0000   3.79
11600.0000   4.05
11800.0000   4.06
12000.0000   4.05
12200.0000   3.92
12400.0000   3.73
12600.0000   3.47
12800.0000   3.39
13000.0000   3.34
13200.0000   3.19
13400.0000   3.29
13600.0000   3.83
13800.0000   3.88
14000.0000   3.74
14200.0000   3.46
14400.0000   3.24
14600.0000   2.91
14800.0000   2.62
15000.0000   2.31
15200.0000   2.07
15400.0000   2.37
15600.0000   2.52
15800.0000   2.75
16000.0000   2.92
