200.0000    5.31	200.0000    5.34	200.0000    5.35	200.0000    5.29
400.0000    5.21	400.0000    5.23	400.0000    5.23	400.0000    5.21
600.0000    5.17	600.0000    5.16	600.0000    5.17	600.0000    5.16
800.0000    5.16	800.0000    5.10	800.0000    5.15	800.0000    5.15
1000.0000   5.11	1000.0000   5.03	1000.0000   5.10	1000.0000   5.08
1200.0000   5.10	1200.0000   5.00	1200.0000   5.08	1200.0000   5.07
1400.0000   5.06	1400.0000   4.92	1400.0000   5.02	1400.0000   5.00
1600.0000   4.94	1600.0000   4.81	1600.0000   4.86	1600.0000   4.88
1800.0000   4.89	1800.0000   4.79	1800.0000   4.82	1800.0000   4.85
2000.0000   4.92	2000.0000   4.80	2000.0000   4.82	2000.0000   4.86
2200.0000   4.90	2200.0000   4.79	2200.0000   4.81	2200.0000   4.85
2400.0000   4.85	2400.0000   4.74	2400.0000   4.79	2400.0000   4.81
2600.0000   4.87	2600.0000   4.76	2600.0000   4.80	2600.0000   4.83
2800.0000   4.83	2800.0000   4.73	2800.0000   4.77	2800.0000   4.81
3000.0000   4.77	3000.0000   4.72	3000.0000   4.77	3000.0000   4.80
3200.0000   4.68	3200.0000   4.68	3200.0000   4.72	3200.0000   4.73
3400.0000   4.62	3400.0000   4.62	3400.0000   4.65	3400.0000   4.66
3600.0000   4.54	3600.0000   4.57	3600.0000   4.57	3600.0000   4.65
3800.0000   4.51	3800.0000   4.55	3800.0000   4.48	3800.0000   4.63
4000.0000   4.43	4000.0000   4.49	4000.0000   4.48	4000.0000   4.62
4200.0000   4.47	4200.0000   4.50	4200.0000   4.50	4200.0000   4.61
4400.0000   4.53	4400.0000   4.53	4400.0000   4.53	4400.0000   4.66
4600.0000   4.58	4600.0000   4.52	4600.0000   4.57	4600.0000   4.67
4800.0000   4.57	4800.0000   4.43	4800.0000   4.51	4800.0000   4.64
5000.0000   4.55	5000.0000   4.42	5000.0000   4.52	5000.0000   4.59
5200.0000   4.43	5200.0000   4.29	5200.0000   4.43	5200.0000   4.44
5400.0000   4.37	5400.0000   4.27	5400.0000   4.32	5400.0000   4.48
5600.0000   4.31	5600.0000   4.26	5600.0000   4.32	5600.0000   4.49
5800.0000   4.25	5800.0000   4.21	5800.0000   4.31	5800.0000   4.38
6000.0000   4.24	6000.0000   4.23	6000.0000   4.31	6000.0000   4.40
6200.0000   4.27	6200.0000   4.27	6200.0000   4.32	6200.0000   4.46
6400.0000   4.39	6400.0000   4.32	6400.0000   4.39	6400.0000   4.51
6600.0000   4.38	6600.0000   4.33	6600.0000   4.26	6600.0000   4.50
6800.0000   4.33	6800.0000   4.22	6800.0000   4.34	6800.0000   4.42
7000.0000   4.46	7000.0000   4.15	7000.0000   4.38	7000.0000   4.54
7200.0000   4.38	7200.0000   4.25	7200.0000   4.30	7200.0000   4.51
7400.0000   4.14	7400.0000   4.09	7400.0000   4.16	7400.0000   4.17
7600.0000   3.91	7600.0000   3.96	7600.0000   4.04	7600.0000   4.00
7800.0000   3.66	7800.0000   3.81	7800.0000   3.93	7800.0000   3.92
8000.0000   3.37	8000.0000   3.42	8000.0000   3.51	8000.0000   3.68
8200.0000   3.71	8200.0000   3.70	8200.0000   3.83	8200.0000   3.96
8400.0000   3.61	8400.0000   3.85	8400.0000   3.99	8400.0000   4.02
8600.0000   3.80	8600.0000   3.96	8600.0000   4.04	8600.0000   4.10
8800.0000   3.93	8800.0000   3.94	8800.0000   3.87	8800.0000   4.21
9000.0000   4.02	9000.0000   3.99	9000.0000   3.96	9000.0000   4.21
9200.0000   4.04	9200.0000   3.81	9200.0000   4.02	9200.0000   4.13
9400.0000   4.02	9400.0000   3.80	9400.0000   4.02	9400.0000   4.04
9600.0000   3.81	9600.0000   3.78	9600.0000   3.91	9600.0000   3.80
9800.0000   3.57	9800.0000   3.68	9800.0000   3.72	9800.0000   3.75
10000.0000   3.41	10000.0000   3.48	10000.0000   3.68	10000.0000   3.84
10200.0000   3.33	10200.0000   3.41	10200.0000   3.65	10200.0000   3.82
10400.0000   3.29	10400.0000   3.36	10400.0000   3.52	10400.0000   3.80
10600.0000   3.31	10600.0000   3.43	10600.0000   3.61	10600.0000   3.88
10800.0000   3.62	10800.0000   3.58	10800.0000   3.65	10800.0000   4.03
11000.0000   3.77	11000.0000   3.80	11000.0000   3.45	11000.0000   4.06
11200.0000   4.00	11200.0000   3.97	11200.0000   3.23	11200.0000   4.02
11400.0000   4.09	11400.0000   4.04	11400.0000   3.79	11400.0000   3.97
11600.0000   3.96	11600.0000   3.89	11600.0000   4.05	11600.0000   4.11
11800.0000   4.00	11800.0000   3.53	11800.0000   4.06	11800.0000   4.15
12000.0000   3.93	12000.0000   3.78	12000.0000   4.05	12000.0000   4.10
12200.0000   3.73	12200.0000   3.55	12200.0000   3.92	12200.0000   4.06
12400.0000   3.56	12400.0000   3.58	12400.0000   3.73	12400.0000   3.92
12600.0000   3.50	12600.0000   3.50	12600.0000   3.47	12600.0000   3.72
12800.0000   3.51	12800.0000   3.52	12800.0000   3.39	12800.0000   3.74
13000.0000   3.63	13000.0000   3.63	13000.0000   3.34	13000.0000   3.78
13200.0000   3.59	13200.0000   3.79	13200.0000   3.19	13200.0000   3.91
13400.0000   3.77	13400.0000   3.94	13400.0000   3.29	13400.0000   4.04
13600.0000   3.85	13600.0000   3.96	13600.0000   3.83	13600.0000   4.15
13800.0000   3.74	13800.0000   3.67	13800.0000   3.88	13800.0000   4.03
14000.0000   3.63	14000.0000   3.54	14000.0000   3.74	14000.0000   3.69
14200.0000   3.40	14200.0000   3.39	14200.0000   3.46	14200.0000   3.42
14400.0000   3.37	14400.0000   3.41	14400.0000   3.24	14400.0000   2.91
14600.0000   3.13	14600.0000   3.21	14600.0000   2.91	14600.0000   2.54
14800.0000   2.91	14800.0000   3.04	14800.0000   2.62	14800.0000   2.60
15000.0000   2.89	15000.0000   2.94	15000.0000   2.31	15000.0000   2.64
15200.0000   2.79	15200.0000   2.76	15200.0000   2.07	15200.0000   2.70
15400.0000   2.71	15400.0000   2.63	15400.0000   2.37	15400.0000   2.88
15600.0000   2.85	15600.0000   2.51	15600.0000   2.52	15600.0000   3.11
15800.0000   2.72	15800.0000   2.58	15800.0000   2.75	15800.0000   3.26
16000.0000   3.01	16000.0000   2.62	16000.0000   2.92	16000.0000   3.16
