200.0000   5.36
400.0000   5.23
600.0000   5.16
800.0000   5.20
1000.0000   5.09
1200.0000   5.07
1400.0000   5.05
1600.0000   4.89
1800.0000   4.87
2000.0000   4.89
2200.0000   4.87
2400.0000   4.82
2600.0000   4.85
2800.0000   4.81
3000.0000   4.76
3200.0000   4.71
3400.0000   4.66
3600.0000   4.61
3800.0000   4.55
4000.0000   4.53
4200.0000   4.54
4400.0000   4.60
4600.0000   4.62
4800.0000   4.64
5000.0000   4.60
5200.0000   4.53
5400.0000   4.48
5600.0000   4.41
5800.0000   4.30
6000.0000   4.32
6200.0000   4.29
6400.0000   4.47
6600.0000   4.52
6800.0000   4.46
7000.0000   4.56
7200.0000   4.49
7400.0000   4.22
7600.0000   4.00
7800.0000   3.75
8000.0000   3.39
8200.0000   3.79
8400.0000   3.69
8600.0000   3.91
8800.0000   4.00
9000.0000   4.07
9200.0000   4.10
9400.0000   4.07
9600.0000   3.89
9800.0000   3.59
10000.0000   3.42
10200.0000   3.35
10400.0000   3.32
10600.0000   3.41
10800.0000   3.67
11000.0000   3.81
11200.0000   4.05
11400.0000   4.12
11600.0000   4.05
11800.0000   4.05
12000.0000   4.00
12200.0000   3.80
12400.0000   3.54
12600.0000   3.49
12800.0000   3.57
13000.0000   3.73
13200.0000   3.73
13400.0000   3.76
13600.0000   3.92
13800.0000   3.93
14000.0000   3.78
14200.0000   3.47
14400.0000   3.45
14600.0000   3.34
14800.0000   3.01
15000.0000   2.76
15200.0000   2.84
15400.0000   2.88
15600.0000   2.88
15800.0000   2.82
16000.0000   2.97
