200.0000   5.35
400.0000   5.24
600.0000   5.17
800.0000   5.17
1000.0000   5.09
1200.0000   5.12
1400.0000   5.04
1600.0000   4.83
1800.0000   4.82
2000.0000   4.92
2200.0000   4.83
2400.0000   4.82
2600.0000   4.82
2800.0000   4.78
3000.0000   4.82
3200.0000   4.84
3400.0000   4.66
3600.0000   4.59
3800.0000   4.49
4000.0000   4.61
4200.0000   4.51
4400.0000   4.53
4600.0000   4.57
4800.0000   4.48
5000.0000   4.63
5200.0000   4.43
5400.0000   4.33
5600.0000   4.33
5800.0000   4.33
6000.0000   4.24
6200.0000   4.33
6400.0000   4.52
6600.0000   4.29
6800.0000   4.38
7000.0000   4.41
7200.0000   4.28
7400.0000   4.16
7600.0000   4.03
7800.0000   3.95
8000.0000   4.11
8200.0000   3.83
8400.0000   3.99
8600.0000   4.05
8800.0000   3.84
9000.0000   3.92
9200.0000   4.03
9400.0000   4.03
9600.0000   3.98
9800.0000   3.74
10000.0000   3.56
10200.0000   3.66
10400.0000   3.51
10600.0000   3.60
10800.0000   3.67
11000.0000   3.48
11200.0000   3.19
11400.0000   3.82
11600.0000   4.06
11800.0000   4.07
12000.0000   4.02
12200.0000   3.94
12400.0000   3.74
12600.0000   3.51
12800.0000   3.20
13000.0000   3.43
13200.0000   3.22
13400.0000   3.32
13600.0000   3.85
13800.0000   3.90
14000.0000   3.86
14200.0000   3.48
14400.0000   3.28
14600.0000   2.96
14800.0000   2.61
15000.0000   2.38
15200.0000   2.10
15400.0000   2.38
15600.0000   2.54
15800.0000   2.81
16000.0000   0.02
