200.0000   5.38
400.0000   5.27
600.0000   5.22
800.0000   5.21
1000.0000   5.13
1200.0000   5.12
1400.0000   5.12
1600.0000   4.98
1800.0000   4.84
2000.0000   4.83
2200.0000   4.80
2400.0000   4.77
2600.0000   4.80
2800.0000   4.79
3000.0000   4.79
3200.0000   4.73
3400.0000   4.59
3600.0000   4.52
3800.0000   4.50
4000.0000   4.49
4200.0000   4.49
4400.0000   4.51
4600.0000   4.52
4800.0000   4.50
5000.0000   4.51
5200.0000   4.47
5400.0000   4.43
5600.0000   4.41
5800.0000   4.42
6000.0000   4.42
6200.0000   4.41
6400.0000   4.45
6600.0000   4.41
6800.0000   4.42
7000.0000   4.44
7200.0000   4.42
7400.0000   4.34
7600.0000   4.19
7800.0000   4.01
8000.0000   3.61
