200.0000    5.32	200.0000    5.37	200.0000    5.32	200.0000    5.38
400.0000    5.21	400.0000    5.25	400.0000    5.22	400.0000    5.26
600.0000    5.16	600.0000    5.25	600.0000    5.20	600.0000    5.23
800.0000    5.12	800.0000    5.18	800.0000    5.17	800.0000    5.22
1000.0000   5.07	1000.0000   5.09	1000.0000   5.10	1000.0000   5.13
1200.0000   5.05	1200.0000   5.07	1200.0000   5.08	1200.0000   5.11
1400.0000   4.98	1400.0000   4.97	1400.0000   5.00	1400.0000   5.03
1600.0000   4.83	1600.0000   4.82	1600.0000   4.85	1600.0000   4.90
1800.0000   4.82	1800.0000   4.81	1800.0000   4.82	1800.0000   4.89
2000.0000   4.83	2000.0000   4.80	2000.0000   4.80	2000.0000   4.86
2200.0000   4.82	2200.0000   4.80	2200.0000   4.79	2200.0000   4.86
2400.0000   4.79	2400.0000   4.77	2400.0000   4.76	2400.0000   4.82
2600.0000   4.79	2600.0000   4.77	2600.0000   4.77	2600.0000   4.83
2800.0000   4.76	2800.0000   4.74	2800.0000   4.77	2800.0000   4.83
3000.0000   4.74	3000.0000   4.73	3000.0000   4.76	3000.0000   4.81
3200.0000   4.70	3200.0000   4.69	3200.0000   4.71	3200.0000   4.78
3400.0000   4.64	3400.0000   4.65	3400.0000   4.64	3400.0000   4.70
3600.0000   4.57	3600.0000   4.61	3600.0000   4.55	3600.0000   4.69
3800.0000   4.49	3800.0000   4.57	3800.0000   4.46	3800.0000   4.67
4000.0000   4.50	4000.0000   4.55	4000.0000   4.46	4000.0000   4.66
4200.0000   4.49	4200.0000   4.55	4200.0000   4.48	4200.0000   4.64
4400.0000   4.57	4400.0000   4.56	4400.0000   4.51	4400.0000   4.67
4600.0000   4.57	4600.0000   4.55	4600.0000   4.52	4600.0000   4.67
4800.0000   4.56	4800.0000   4.49	4800.0000   4.48	4800.0000   4.65
5000.0000   4.53	5000.0000   4.48	5000.0000   4.51	5000.0000   4.62
5200.0000   4.43	5200.0000   4.34	5200.0000   4.40	5200.0000   4.46
5400.0000   4.35	5400.0000   4.30	5400.0000   4.32	5400.0000   4.52
5600.0000   4.25	5600.0000   4.27	5600.0000   4.31	5600.0000   4.50
5800.0000   4.18	5800.0000   4.26	5800.0000   4.32	5800.0000   4.42
6000.0000   4.15	6000.0000   4.29	6000.0000   4.33	6000.0000   4.45
6200.0000   4.24	6200.0000   4.37	6200.0000   4.32	6200.0000   4.48
6400.0000   4.39	6400.0000   4.40	6400.0000   4.38	6400.0000   4.57
6600.0000   4.37	6600.0000   4.38	6600.0000   4.30	6600.0000   4.53
6800.0000   4.33	6800.0000   4.27	6800.0000   4.32	6800.0000   4.42
7000.0000   4.41	7000.0000   4.18	7000.0000   4.36	7000.0000   4.55
7200.0000   4.36	7200.0000   4.31	7200.0000   4.31	7200.0000   4.52
7400.0000   4.10	7400.0000   4.15	7400.0000   4.20	7400.0000   4.19
7600.0000   3.93	7600.0000   3.98	7600.0000   4.03	7600.0000   4.02
7800.0000   3.64	7800.0000   3.84	7800.0000   3.91	7800.0000   3.92
8000.0000   3.34	8000.0000   3.48	8000.0000   3.48	8000.0000   3.71
8200.0000   3.62	8200.0000   3.75	8200.0000   3.78	8200.0000   3.98
8400.0000   3.52	8400.0000   3.88	8400.0000   3.96	8400.0000   4.03
8600.0000   3.81	8600.0000   3.98	8600.0000   4.03	8600.0000   4.10
8800.0000   3.95	8800.0000   3.97	8800.0000   3.86	8800.0000   4.22
9000.0000   4.00	9000.0000   4.03	9000.0000   3.95	9000.0000   4.23
9200.0000   4.02	9200.0000   3.85	9200.0000   4.01	9200.0000   4.14
9400.0000   3.99	9400.0000   3.83	9400.0000   4.00	9400.0000   4.05
9600.0000   3.78	9600.0000   3.81	9600.0000   3.89	9600.0000   3.79
9800.0000   3.46	9800.0000   3.70	9800.0000   3.68	9800.0000   3.76
10000.0000   3.37	10000.0000   3.50	10000.0000   3.65	10000.0000   3.86
10200.0000   3.30	10200.0000   3.44	10200.0000   3.61	10200.0000   3.83
10400.0000   3.24	10400.0000   3.36	10400.0000   3.50	10400.0000   3.79
10600.0000   3.24	10600.0000   3.43	10600.0000   3.55	10600.0000   3.87
10800.0000   3.52	10800.0000   3.59	10800.0000   3.60	10800.0000   4.02
11000.0000   3.75	11000.0000   3.79	11000.0000   3.44	11000.0000   4.06
11200.0000   3.98	11200.0000   3.98	11200.0000   3.20	11200.0000   4.03
11400.0000   4.07	11400.0000   4.07	11400.0000   3.77	11400.0000   4.00
11600.0000   3.96	11600.0000   3.95	11600.0000   4.05	11600.0000   4.14
11800.0000   4.03	11800.0000   3.62	11800.0000   4.07	11800.0000   4.18
12000.0000   3.95	12000.0000   3.88	12000.0000   4.06	12000.0000   4.14
12200.0000   3.76	12200.0000   3.64	12200.0000   3.93	12200.0000   4.09
12400.0000   3.48	12400.0000   3.63	12400.0000   3.72	12400.0000   3.96
12600.0000   3.45	12600.0000   3.60	12600.0000   3.51	12600.0000   3.77
12800.0000   3.46	12800.0000   3.60	12800.0000   3.37	12800.0000   3.83
13000.0000   3.52	13000.0000   3.70	13000.0000   3.33	13000.0000   3.82
13200.0000   3.48	13200.0000   3.85	13200.0000   3.17	13200.0000   3.94
13400.0000   3.80	13400.0000   3.98	13400.0000   3.26	13400.0000   4.05
13600.0000   3.87	13600.0000   3.99	13600.0000   3.78	13600.0000   4.15
13800.0000   3.72	13800.0000   3.71	13800.0000   3.85	13800.0000   4.05
14000.0000   3.54	14000.0000   3.54	14000.0000   3.68	14000.0000   3.71
14200.0000   3.38	14200.0000   3.40	14200.0000   3.45	14200.0000   3.43
14400.0000   3.36	14400.0000   3.42	14400.0000   3.17	14400.0000   2.86
14600.0000   3.07	14600.0000   3.20	14600.0000   2.94	14600.0000   2.52
14800.0000   2.76	14800.0000   3.04	14800.0000   2.59	14800.0000   2.59
15000.0000   2.86	15000.0000   2.96	15000.0000   2.25	15000.0000   2.63
15200.0000   2.81	15200.0000   2.81	15200.0000   2.06	15200.0000   2.69
15400.0000   2.77	15400.0000   2.68	15400.0000   2.33	15400.0000   2.86
15600.0000   2.88	15600.0000   2.54	15600.0000   2.52	15600.0000   3.13
15800.0000   2.73	15800.0000   2.61	15800.0000   2.74	15800.0000   3.26
16000.0000   2.95	16000.0000   2.63	16000.0000   2.92	16000.0000   3.15
