200.0000   5.41
400.0000   5.29
600.0000   5.26
800.0000   5.24
1000.0000   5.16
1200.0000   5.12
1400.0000   5.12
1600.0000   5.05
1800.0000   4.98
2000.0000   5.00
2200.0000   4.98
2400.0000   4.94
2600.0000   4.95
2800.0000   4.92
3000.0000   4.86
3200.0000   4.75
3400.0000   4.70
3600.0000   4.65
3800.0000   4.58
4000.0000   4.53
4200.0000   4.55
4400.0000   4.61
4600.0000   4.64
4800.0000   4.64
5000.0000   4.62
5200.0000   4.50
5400.0000   4.49
5600.0000   4.44
5800.0000   4.33
6000.0000   4.31
6200.0000   4.37
6400.0000   4.46
6600.0000   4.49
6800.0000   4.43
7000.0000   4.54
7200.0000   4.45
7400.0000   4.24
7600.0000   3.99
7800.0000   3.74
8000.0000   3.42
