200.0000   5.35
400.0000   5.21
600.0000   5.18
800.0000   5.15
1000.0000   5.10
1200.0000   5.09
1400.0000   5.02
1600.0000   4.86
1800.0000   4.82
2000.0000   4.84
2200.0000   4.83
2400.0000   4.79
2600.0000   4.81
2800.0000   4.79
3000.0000   4.78
3200.0000   4.73
3400.0000   4.66
3600.0000   4.58
3800.0000   4.50
4000.0000   4.48
4200.0000   4.51
4400.0000   4.54
4600.0000   4.58
4800.0000   4.52
5000.0000   4.54
5200.0000   4.44
5400.0000   4.34
5600.0000   4.35
5800.0000   4.35
6000.0000   4.31
6200.0000   4.34
6400.0000   4.42
6600.0000   4.31
6800.0000   4.37
7000.0000   4.40
7200.0000   4.32
7400.0000   4.17
7600.0000   4.05
7800.0000   3.95
8000.0000   3.52
8200.0000   3.84
8400.0000   3.99
8600.0000   4.05
8800.0000   3.89
9000.0000   3.96
9200.0000   4.03
9400.0000   4.02
9600.0000   3.91
9800.0000   3.72
10000.0000   3.69
10200.0000   3.65
10400.0000   3.53
10600.0000   3.60
10800.0000   3.65
11000.0000   3.47
11200.0000   3.23
11400.0000   3.80
11600.0000   4.06
11800.0000   4.07
12000.0000   4.05
12200.0000   3.92
12400.0000   3.72
12600.0000   3.48
12800.0000   3.39
13000.0000   3.34
13200.0000   3.20
13400.0000   3.29
13600.0000   3.84
13800.0000   3.89
14000.0000   3.75
14200.0000   3.46
14400.0000   3.24
14600.0000   2.92
14800.0000   2.60
15000.0000   2.33
15200.0000   2.08
15400.0000   2.38
15600.0000   2.53
15800.0000   2.74
16000.0000   2.94
