200.0000   5.31
400.0000   5.20
600.0000   5.15
800.0000   5.18
1000.0000   5.07
1200.0000   5.06
1400.0000   5.01
1600.0000   4.85
1800.0000   4.81
2000.0000   4.89
2200.0000   4.86
2400.0000   4.84
2600.0000   4.84
2800.0000   4.81
3000.0000   4.81
3200.0000   4.75
3400.0000   4.67
3600.0000   4.58
3800.0000   4.49
4000.0000   4.61
4200.0000   4.52
4400.0000   4.56
4600.0000   4.57
4800.0000   4.49
5000.0000   4.58
5200.0000   4.43
5400.0000   4.34
5600.0000   4.33
5800.0000   4.33
6000.0000   4.27
6200.0000   4.31
6400.0000   4.22
6600.0000   4.27
6800.0000   4.35
7000.0000   4.40
7200.0000   4.31
7400.0000   4.14
7600.0000   4.04
7800.0000   3.95
8000.0000   0.51
8200.0000   3.83
8400.0000   3.98
8600.0000   4.05
8800.0000   3.91
9000.0000   3.92
9200.0000   4.02
9400.0000   4.01
9600.0000   3.88
9800.0000   3.68
10000.0000   3.75
10200.0000   3.62
10400.0000   3.55
10600.0000   3.59
10800.0000   3.63
11000.0000   3.48
11200.0000   3.18
11400.0000   3.79
11600.0000   4.04
11800.0000   4.06
12000.0000   3.82
12200.0000   3.92
12400.0000   3.69
12600.0000   3.48
12800.0000   3.45
13000.0000   3.32
13200.0000   3.17
13400.0000   3.30
13600.0000   3.82
13800.0000   3.87
14000.0000   3.68
14200.0000   3.45
14400.0000   3.27
14600.0000   2.93
14800.0000   2.60
15000.0000   2.34
15200.0000   2.07
15400.0000   2.35
15600.0000   2.54
15800.0000   2.76
16000.0000   0.08
