200.0000   5.34
400.0000   5.24
600.0000   5.17
800.0000   5.14
1000.0000   5.07
1200.0000   5.05
1400.0000   4.98
1600.0000   4.88
1800.0000   4.86
2000.0000   4.87
2200.0000   4.85
2400.0000   4.82
2600.0000   4.84
2800.0000   4.82
3000.0000   4.80
3200.0000   4.75
3400.0000   4.68
3600.0000   4.68
3800.0000   4.65
4000.0000   4.62
4200.0000   4.63
4400.0000   4.67
4600.0000   4.68
4800.0000   4.64
5000.0000   4.60
5200.0000   4.44
5400.0000   4.50
5600.0000   4.47
5800.0000   4.40
6000.0000   4.42
6200.0000   4.47
6400.0000   4.56
6600.0000   4.53
6800.0000   4.43
7000.0000   4.57
7200.0000   4.51
7400.0000   4.16
7600.0000   4.01
7800.0000   3.92
8000.0000   3.69
8200.0000   3.97
8400.0000   4.02
8600.0000   4.10
8800.0000   4.20
9000.0000   4.20
9200.0000   4.12
9400.0000   4.04
9600.0000   3.78
9800.0000   3.75
10000.0000   3.83
10200.0000   3.81
10400.0000   3.80
10600.0000   3.87
10800.0000   4.02
11000.0000   4.06
11200.0000   4.02
11400.0000   3.98
11600.0000   4.10
11800.0000   4.13
12000.0000   4.09
12200.0000   4.05
12400.0000   3.91
12600.0000   3.72
12800.0000   3.75
13000.0000   3.78
13200.0000   3.91
13400.0000   4.05
13600.0000   4.15
13800.0000   4.04
14000.0000   3.70
14200.0000   3.44
14400.0000   2.85
14600.0000   2.50
14800.0000   2.60
15000.0000   2.64
15200.0000   2.70
15400.0000   2.86
15600.0000   3.11
15800.0000   3.26
16000.0000   3.15
