200.0000   5.31
400.0000   5.20
600.0000   5.12
800.0000   5.10
1000.0000   5.01
1200.0000   4.99
1400.0000   5.02
1600.0000   4.89
1800.0000   4.83
2000.0000   4.86
2200.0000   4.84
2400.0000   4.80
2600.0000   4.83
2800.0000   4.82
3000.0000   4.81
3200.0000   4.76
3400.0000   4.68
3600.0000   4.68
3800.0000   4.65
4000.0000   4.63
4200.0000   4.63
4400.0000   4.67
4600.0000   4.68
4800.0000   4.65
5000.0000   4.61
5200.0000   4.49
5400.0000   4.54
5600.0000   4.55
5800.0000   4.44
6000.0000   4.49
6200.0000   4.50
6400.0000   4.56
6600.0000   4.58
6800.0000   4.45
7000.0000   4.58
7200.0000   4.54
7400.0000   4.24
7600.0000   4.04
7800.0000   3.95
8000.0000   3.74
