200.0000   5.41
400.0000   5.22
600.0000   5.21
800.0000   5.24
1000.0000   5.10
1200.0000   5.11
1400.0000   5.06
1600.0000   4.91
1800.0000   4.86
2000.0000   4.94
2200.0000   4.87
2400.0000   4.80
2600.0000   4.84
2800.0000   4.79
3000.0000   4.73
3200.0000   4.79
3400.0000   4.64
3600.0000   4.61
3800.0000   4.52
4000.0000   4.52
4200.0000   4.51
4400.0000   4.54
4600.0000   4.58
4800.0000   4.56
5000.0000   4.57
5200.0000   4.45
5400.0000   4.38
5600.0000   4.33
5800.0000   4.18
6000.0000   4.20
6200.0000   4.25
6400.0000   4.53
6600.0000   4.38
6800.0000   4.35
7000.0000   4.51
7200.0000   4.40
7400.0000   4.11
7600.0000   3.93
7800.0000   3.64
8000.0000   2.50
8200.0000   3.70
8400.0000   3.58
8600.0000   3.82
8800.0000   3.99
9000.0000   3.99
9200.0000   4.05
9400.0000   4.02
9600.0000   3.86
9800.0000   3.49
10000.0000   3.33
10200.0000   3.31
10400.0000   3.28
10600.0000   3.29
10800.0000   3.58
11000.0000   3.79
11200.0000   4.02
11400.0000   4.07
11600.0000   3.99
11800.0000   4.00
12000.0000   4.10
12200.0000   3.71
12400.0000   3.49
12600.0000   3.46
12800.0000   3.50
13000.0000   3.58
13200.0000   3.52
13400.0000   3.80
13600.0000   3.89
13800.0000   3.73
14000.0000   3.60
14200.0000   3.39
14400.0000   3.36
14600.0000   3.12
14800.0000   2.92
15000.0000   2.92
15200.0000   2.80
15400.0000   2.76
15600.0000   2.85
15800.0000   2.79
16000.0000   0.01
