200.0000   5.26
400.0000   5.17
600.0000   5.08
800.0000   5.08
1000.0000   4.97
1200.0000   4.95
1400.0000   4.93
1600.0000   4.84
1800.0000   4.82
2000.0000   4.99
2200.0000   4.84
2400.0000   4.77
2600.0000   4.82
2800.0000   4.80
3000.0000   4.80
3200.0000   4.68
3400.0000   4.63
3600.0000   4.60
3800.0000   4.61
4000.0000   4.57
4200.0000   4.59
4400.0000   4.64
4600.0000   4.64
4800.0000   4.61
5000.0000   4.59
5200.0000   4.42
5400.0000   4.47
5600.0000   4.51
5800.0000   4.34
6000.0000   4.32
6200.0000   4.42
6400.0000   4.44
6600.0000   4.49
6800.0000   4.39
7000.0000   4.51
7200.0000   4.47
7400.0000   4.10
7600.0000   3.98
7800.0000   3.90
8000.0000   5.21
8200.0000   3.95
8400.0000   4.00
8600.0000   4.07
8800.0000   4.19
9000.0000   4.23
9200.0000   4.10
9400.0000   4.02
9600.0000   3.96
9800.0000   3.72
10000.0000   3.87
10200.0000   3.78
10400.0000   3.80
10600.0000   3.86
10800.0000   4.01
11000.0000   4.00
11200.0000   4.00
11400.0000   3.97
11600.0000   4.09
11800.0000   4.12
12000.0000   3.96
12200.0000   4.04
12400.0000   3.89
12600.0000   3.72
12800.0000   3.95
13000.0000   3.76
13200.0000   3.91
13400.0000   4.03
13600.0000   4.17
13800.0000   4.03
14000.0000   3.71
14200.0000   3.42
14400.0000   2.79
14600.0000   2.48
14800.0000   2.57
15000.0000   2.62
15200.0000   2.70
15400.0000   2.86
15600.0000   3.13
15800.0000   3.29
16000.0000   0.05
