200.0000   5.31
400.0000   5.21
600.0000   5.17
800.0000   5.16
1000.0000   5.11
1200.0000   5.10
1400.0000   5.06
1600.0000   4.94
1800.0000   4.89
2000.0000   4.92
2200.0000   4.90
2400.0000   4.85
2600.0000   4.87
2800.0000   4.83
3000.0000   4.77
3200.0000   4.68
3400.0000   4.62
3600.0000   4.54
3800.0000   4.51
4000.0000   4.43
4200.0000   4.47
4400.0000   4.53
4600.0000   4.58
4800.0000   4.57
5000.0000   4.55
5200.0000   4.43
5400.0000   4.37
5600.0000   4.31
5800.0000   4.25
6000.0000   4.24
6200.0000   4.27
6400.0000   4.39
6600.0000   4.38
6800.0000   4.33
7000.0000   4.46
7200.0000   4.38
7400.0000   4.14
7600.0000   3.91
7800.0000   3.66
8000.0000   3.37
8200.0000   3.71
8400.0000   3.61
8600.0000   3.80
8800.0000   3.93
9000.0000   4.02
9200.0000   4.04
9400.0000   4.02
9600.0000   3.81
9800.0000   3.57
10000.0000   3.41
10200.0000   3.33
10400.0000   3.29
10600.0000   3.31
10800.0000   3.62
11000.0000   3.77
11200.0000   4.00
11400.0000   4.09
11600.0000   3.96
11800.0000   4.00
12000.0000   3.93
12200.0000   3.73
12400.0000   3.56
12600.0000   3.50
12800.0000   3.51
13000.0000   3.63
13200.0000   3.59
13400.0000   3.77
13600.0000   3.85
13800.0000   3.74
14000.0000   3.63
14200.0000   3.40
14400.0000   3.37
14600.0000   3.13
14800.0000   2.91
15000.0000   2.89
15200.0000   2.79
15400.0000   2.71
15600.0000   2.85
15800.0000   2.72
16000.0000   3.01
