200.0000   5.32
400.0000   5.22
600.0000   5.20
800.0000   5.17
1000.0000   5.10
1200.0000   5.08
1400.0000   5.00
1600.0000   4.85
1800.0000   4.82
2000.0000   4.80
2200.0000   4.79
2400.0000   4.76
2600.0000   4.77
2800.0000   4.77
3000.0000   4.76
3200.0000   4.71
3400.0000   4.64
3600.0000   4.55
3800.0000   4.46
4000.0000   4.46
4200.0000   4.48
4400.0000   4.51
4600.0000   4.52
4800.0000   4.48
5000.0000   4.51
5200.0000   4.40
5400.0000   4.32
5600.0000   4.31
5800.0000   4.32
6000.0000   4.33
6200.0000   4.32
6400.0000   4.38
6600.0000   4.30
6800.0000   4.32
7000.0000   4.36
7200.0000   4.31
7400.0000   4.20
7600.0000   4.03
7800.0000   3.91
8000.0000   3.48
8200.0000   3.78
8400.0000   3.96
8600.0000   4.03
8800.0000   3.86
9000.0000   3.95
9200.0000   4.01
9400.0000   4.00
9600.0000   3.89
9800.0000   3.68
10000.0000   3.65
10200.0000   3.61
10400.0000   3.50
10600.0000   3.55
10800.0000   3.60
11000.0000   3.44
11200.0000   3.20
11400.0000   3.77
11600.0000   4.05
11800.0000   4.07
12000.0000   4.06
12200.0000   3.93
12400.0000   3.72
12600.0000   3.51
12800.0000   3.37
13000.0000   3.33
13200.0000   3.17
13400.0000   3.26
13600.0000   3.78
13800.0000   3.85
14000.0000   3.68
14200.0000   3.45
14400.0000   3.17
14600.0000   2.94
14800.0000   2.59
15000.0000   2.25
15200.0000   2.06
15400.0000   2.33
15600.0000   2.52
15800.0000   2.74
16000.0000   2.92
