200.0000   5.29
400.0000   5.21
600.0000   5.16
800.0000   5.15
1000.0000   5.08
1200.0000   5.07
1400.0000   5.00
1600.0000   4.88
1800.0000   4.85
2000.0000   4.86
2200.0000   4.85
2400.0000   4.81
2600.0000   4.83
2800.0000   4.81
3000.0000   4.80
3200.0000   4.73
3400.0000   4.66
3600.0000   4.65
3800.0000   4.63
4000.0000   4.62
4200.0000   4.61
4400.0000   4.66
4600.0000   4.67
4800.0000   4.64
5000.0000   4.59
5200.0000   4.44
5400.0000   4.48
5600.0000   4.49
5800.0000   4.38
6000.0000   4.40
6200.0000   4.46
6400.0000   4.51
6600.0000   4.50
6800.0000   4.42
7000.0000   4.54
7200.0000   4.51
7400.0000   4.17
7600.0000   4.00
7800.0000   3.92
8000.0000   3.68
8200.0000   3.96
8400.0000   4.02
8600.0000   4.10
8800.0000   4.21
9000.0000   4.21
9200.0000   4.13
9400.0000   4.04
9600.0000   3.80
9800.0000   3.75
10000.0000   3.84
10200.0000   3.82
10400.0000   3.80
10600.0000   3.88
10800.0000   4.03
11000.0000   4.06
11200.0000   4.02
11400.0000   3.97
11600.0000   4.11
11800.0000   4.15
12000.0000   4.10
12200.0000   4.06
12400.0000   3.92
12600.0000   3.72
12800.0000   3.74
13000.0000   3.78
13200.0000   3.91
13400.0000   4.04
13600.0000   4.15
13800.0000   4.03
14000.0000   3.69
14200.0000   3.42
14400.0000   2.91
14600.0000   2.54
14800.0000   2.60
15000.0000   2.64
15200.0000   2.70
15400.0000   2.88
15600.0000   3.11
15800.0000   3.26
16000.0000   3.16
