200.0000   5.34
400.0000   5.23
600.0000   5.16
800.0000   5.10
1000.0000   5.03
1200.0000   5.00
1400.0000   4.92
1600.0000   4.81
1800.0000   4.79
2000.0000   4.80
2200.0000   4.79
2400.0000   4.74
2600.0000   4.76
2800.0000   4.73
3000.0000   4.72
3200.0000   4.68
3400.0000   4.62
3600.0000   4.57
3800.0000   4.55
4000.0000   4.49
4200.0000   4.50
4400.0000   4.53
4600.0000   4.52
4800.0000   4.43
5000.0000   4.42
5200.0000   4.29
5400.0000   4.27
5600.0000   4.26
5800.0000   4.21
6000.0000   4.23
6200.0000   4.27
6400.0000   4.32
6600.0000   4.33
6800.0000   4.22
7000.0000   4.15
7200.0000   4.25
7400.0000   4.09
7600.0000   3.96
7800.0000   3.81
8000.0000   3.42
8200.0000   3.70
8400.0000   3.85
8600.0000   3.96
8800.0000   3.94
9000.0000   3.99
9200.0000   3.81
9400.0000   3.80
9600.0000   3.78
9800.0000   3.68
10000.0000   3.48
10200.0000   3.41
10400.0000   3.36
10600.0000   3.43
10800.0000   3.58
11000.0000   3.80
11200.0000   3.97
11400.0000   4.04
11600.0000   3.89
11800.0000   3.53
12000.0000   3.78
12200.0000   3.55
12400.0000   3.58
12600.0000   3.50
12800.0000   3.52
13000.0000   3.63
13200.0000   3.79
13400.0000   3.94
13600.0000   3.96
13800.0000   3.67
14000.0000   3.54
14200.0000   3.39
14400.0000   3.41
14600.0000   3.21
14800.0000   3.04
15000.0000   2.94
15200.0000   2.76
15400.0000   2.63
15600.0000   2.51
15800.0000   2.58
16000.0000   2.62
