200.0000   5.37
400.0000   5.25
600.0000   5.25
800.0000   5.18
1000.0000   5.09
1200.0000   5.07
1400.0000   4.97
1600.0000   4.82
1800.0000   4.81
2000.0000   4.80
2200.0000   4.80
2400.0000   4.77
2600.0000   4.77
2800.0000   4.74
3000.0000   4.73
3200.0000   4.69
3400.0000   4.65
3600.0000   4.61
3800.0000   4.57
4000.0000   4.55
4200.0000   4.55
4400.0000   4.56
4600.0000   4.55
4800.0000   4.49
5000.0000   4.48
5200.0000   4.34
5400.0000   4.30
5600.0000   4.27
5800.0000   4.26
6000.0000   4.29
6200.0000   4.37
6400.0000   4.40
6600.0000   4.38
6800.0000   4.27
7000.0000   4.18
7200.0000   4.31
7400.0000   4.15
7600.0000   3.98
7800.0000   3.84
8000.0000   3.48
8200.0000   3.75
8400.0000   3.88
8600.0000   3.98
8800.0000   3.97
9000.0000   4.03
9200.0000   3.85
9400.0000   3.83
9600.0000   3.81
9800.0000   3.70
10000.0000   3.50
10200.0000   3.44
10400.0000   3.36
10600.0000   3.43
10800.0000   3.59
11000.0000   3.79
11200.0000   3.98
11400.0000   4.07
11600.0000   3.95
11800.0000   3.62
12000.0000   3.88
12200.0000   3.64
12400.0000   3.63
12600.0000   3.60
12800.0000   3.60
13000.0000   3.70
13200.0000   3.85
13400.0000   3.98
13600.0000   3.99
13800.0000   3.71
14000.0000   3.54
14200.0000   3.40
14400.0000   3.42
14600.0000   3.20
14800.0000   3.04
15000.0000   2.96
15200.0000   2.81
15400.0000   2.68
15600.0000   2.54
15800.0000   2.61
16000.0000   2.63
