200.0000   5.36
400.0000   5.30
600.0000   5.22
800.0000   5.20
1000.0000   5.12
1200.0000   5.09
1400.0000   5.12
1600.0000   5.01
1800.0000   4.87
2000.0000   4.90
2200.0000   4.88
2400.0000   4.83
2600.0000   4.86
2800.0000   4.81
3000.0000   4.79
3200.0000   4.75
3400.0000   4.71
3600.0000   4.66
3800.0000   4.62
4000.0000   4.60
4200.0000   4.61
4400.0000   4.62
4600.0000   4.63
4800.0000   4.57
5000.0000   4.57
5200.0000   4.48
5400.0000   4.47
5600.0000   4.46
5800.0000   4.38
6000.0000   4.45
6200.0000   4.47
6400.0000   4.49
6600.0000   4.52
6800.0000   4.39
7000.0000   4.33
7200.0000   4.42
7400.0000   4.22
7600.0000   4.05
7800.0000   3.92
8000.0000   3.58
