200.0000   5.46
400.0000   5.29
600.0000   5.22
800.0000   5.22
1000.0000   5.13
1200.0000   5.11
1400.0000   5.08
1600.0000   4.93
1800.0000   4.89
2000.0000   4.93
2200.0000   4.91
2400.0000   4.85
2600.0000   4.88
2800.0000   4.83
3000.0000   4.80
3200.0000   4.74
3400.0000   4.69
3600.0000   4.65
3800.0000   4.63
4000.0000   4.58
4200.0000   4.60
4400.0000   4.59
4600.0000   4.59
4800.0000   4.53
5000.0000   4.55
5200.0000   4.45
5400.0000   4.40
5600.0000   4.39
5800.0000   4.36
6000.0000   4.38
6200.0000   4.42
6400.0000   4.44
6600.0000   4.45
6800.0000   4.37
7000.0000   4.29
7200.0000   4.36
7400.0000   4.18
7600.0000   4.02
7800.0000   3.90
8000.0000   3.49
8200.0000   3.81
8400.0000   3.92
8600.0000   4.02
8800.0000   4.01
9000.0000   4.06
9200.0000   3.88
9400.0000   3.88
9600.0000   3.87
9800.0000   3.76
10000.0000   3.52
10200.0000   3.46
10400.0000   3.40
10600.0000   3.46
10800.0000   3.69
11000.0000   3.88
11200.0000   4.03
11400.0000   4.10
11600.0000   3.96
11800.0000   3.62
12000.0000   3.87
12200.0000   3.65
12400.0000   3.64
12600.0000   3.55
12800.0000   3.60
13000.0000   3.75
13200.0000   3.90
13400.0000   4.01
13600.0000   4.02
13800.0000   3.74
14000.0000   3.56
14200.0000   3.43
14400.0000   3.45
14600.0000   3.29
14800.0000   3.09
15000.0000   2.96
15200.0000   2.80
15400.0000   2.69
15600.0000   2.59
15800.0000   2.63
16000.0000   2.65
