200.0000   5.34
400.0000   5.23
600.0000   5.15
800.0000   5.14
1000.0000   5.05
1200.0000   5.03
1400.0000   4.96
1600.0000   4.84
1800.0000   4.80
2000.0000   4.82
2200.0000   4.80
2400.0000   4.77
2600.0000   4.78
2800.0000   4.76
3000.0000   4.76
3200.0000   4.69
3400.0000   4.62
3600.0000   4.53
3800.0000   4.44
4000.0000   4.43
4200.0000   4.47
4400.0000   4.49
4600.0000   4.53
4800.0000   4.47
5000.0000   4.49
5200.0000   4.40
5400.0000   4.32
5600.0000   4.32
5800.0000   4.33
6000.0000   4.32
6200.0000   4.30
6400.0000   4.38
6600.0000   4.30
6800.0000   4.35
7000.0000   4.36
7200.0000   4.31
7400.0000   4.18
7600.0000   4.03
7800.0000   3.93
8000.0000   3.48
8200.0000   3.81
8400.0000   3.97
8600.0000   4.03
8800.0000   3.85
9000.0000   3.94
9200.0000   4.01
9400.0000   4.00
9600.0000   3.89
9800.0000   3.67
10000.0000   3.64
10200.0000   3.60
10400.0000   3.48
10600.0000   3.57
10800.0000   3.59
11000.0000   3.47
11200.0000   3.19
11400.0000   3.76
11600.0000   4.03
11800.0000   4.04
12000.0000   4.01
12200.0000   3.88
12400.0000   3.67
12600.0000   3.46
12800.0000   3.35
13000.0000   3.32
13200.0000   3.14
13400.0000   3.27
13600.0000   3.79
13800.0000   3.84
14000.0000   3.69
14200.0000   3.44
14400.0000   3.19
14600.0000   2.94
14800.0000   2.61
15000.0000   2.29
15200.0000   2.08
15400.0000   2.33
15600.0000   2.51
15800.0000   2.77
16000.0000   2.95
