200.0000   5.32
400.0000   5.21
600.0000   5.16
800.0000   5.12
1000.0000   5.07
1200.0000   5.05
1400.0000   4.98
1600.0000   4.83
1800.0000   4.82
2000.0000   4.83
2200.0000   4.82
2400.0000   4.79
2600.0000   4.79
2800.0000   4.76
3000.0000   4.74
3200.0000   4.70
3400.0000   4.64
3600.0000   4.57
3800.0000   4.49
4000.0000   4.50
4200.0000   4.49
4400.0000   4.57
4600.0000   4.57
4800.0000   4.56
5000.0000   4.53
5200.0000   4.43
5400.0000   4.35
5600.0000   4.25
5800.0000   4.18
6000.0000   4.15
6200.0000   4.24
6400.0000   4.39
6600.0000   4.37
6800.0000   4.33
7000.0000   4.41
7200.0000   4.36
7400.0000   4.10
7600.0000   3.93
7800.0000   3.64
8000.0000   3.34
8200.0000   3.62
8400.0000   3.52
8600.0000   3.81
8800.0000   3.95
9000.0000   4.00
9200.0000   4.02
9400.0000   3.99
9600.0000   3.78
9800.0000   3.46
10000.0000   3.37
10200.0000   3.30
10400.0000   3.24
10600.0000   3.24
10800.0000   3.52
11000.0000   3.75
11200.0000   3.98
11400.0000   4.07
11600.0000   3.96
11800.0000   4.03
12000.0000   3.95
12200.0000   3.76
12400.0000   3.48
12600.0000   3.45
12800.0000   3.46
13000.0000   3.52
13200.0000   3.48
13400.0000   3.80
13600.0000   3.87
13800.0000   3.72
14000.0000   3.54
14200.0000   3.38
14400.0000   3.36
14600.0000   3.07
14800.0000   2.76
15000.0000   2.86
15200.0000   2.81
15400.0000   2.77
15600.0000   2.88
15800.0000   2.73
16000.0000   2.95
