200.0000   5.32
400.0000   5.21
600.0000   5.15
800.0000   5.08
1000.0000   5.04
1200.0000   4.99
1400.0000   4.89
1600.0000   4.84
1800.0000   4.81
2000.0000   4.74
2200.0000   4.68
2400.0000   4.65
2600.0000   4.61
2800.0000   4.57
3000.0000   4.54
3200.0000   4.51
3400.0000   4.40
3600.0000   4.31
3800.0000   4.24
4000.0000   4.17
4200.0000   4.21
4400.0000   4.21
4600.0000   4.17
4800.0000   4.11
5000.0000   4.11
5200.0000   4.04
5400.0000   4.04
5600.0000   4.00
5800.0000   4.00
6000.0000   4.01
6200.0000   4.04
6400.0000   4.04
6600.0000   4.06
6800.0000   4.02
7000.0000   3.97
7200.0000   4.03
7400.0000   3.92
7600.0000   3.73
7800.0000   3.47
8000.0000   3.29
8200.0000   3.44
8400.0000   3.51
8600.0000   3.68
8800.0000   3.67
9000.0000   3.73
9200.0000   3.49
9400.0000   3.44
9600.0000   3.46
9800.0000   3.42
10000.0000   3.32
10200.0000   3.26
10400.0000   3.20
10600.0000   3.28
10800.0000   3.36
11000.0000   3.44
11200.0000   3.63
11400.0000   3.82
11600.0000   3.53
11800.0000   3.38
12000.0000   3.48
12200.0000   3.39
12400.0000   3.39
12600.0000   3.35
12800.0000   3.33
13000.0000   3.40
13200.0000   3.49
13400.0000   3.62
13600.0000   3.62
13800.0000   3.42
14000.0000   3.35
14200.0000   3.14
14400.0000   3.15
14600.0000   2.94
14800.0000   2.79
15000.0000   2.68
15200.0000   2.51
15400.0000   2.37
15600.0000   2.28
15800.0000   2.33
16000.0000   2.40
