200.0000   5.31
400.0000   5.23
600.0000   5.19
800.0000   5.17
1000.0000   5.12
1200.0000   5.11
1400.0000   5.08
1600.0000   4.96
1800.0000   4.92
2000.0000   4.95
2200.0000   4.92
2400.0000   4.88
2600.0000   4.89
2800.0000   4.85
3000.0000   4.81
3200.0000   4.68
3400.0000   4.63
3600.0000   4.56
3800.0000   4.50
4000.0000   4.43
4200.0000   4.46
4400.0000   4.55
4600.0000   4.57
4800.0000   4.57
5000.0000   4.48
5200.0000   4.48
5400.0000   4.38
5600.0000   4.32
5800.0000   4.27
6000.0000   4.25
6200.0000   4.29
6400.0000   4.36
6600.0000   4.39
6800.0000   4.36
7000.0000   4.43
7200.0000   4.37
7400.0000   4.17
7600.0000   3.94
7800.0000   3.68
8000.0000   3.39
8200.0000   3.70
8400.0000   3.63
8600.0000   3.80
8800.0000   3.94
9000.0000   4.02
9200.0000   4.05
9400.0000   4.02
9600.0000   3.79
9800.0000   3.59
10000.0000   3.41
10200.0000   3.32
10400.0000   3.28
10600.0000   3.30
10800.0000   3.64
11000.0000   3.76
11200.0000   3.99
11400.0000   4.08
11600.0000   3.95
11800.0000   3.97
12000.0000   3.88
12200.0000   3.72
12400.0000   3.57
12600.0000   3.51
12800.0000   3.55
13000.0000   3.64
13200.0000   3.61
13400.0000   3.79
13600.0000   3.86
13800.0000   3.74
14000.0000   3.65
14200.0000   3.39
14400.0000   3.37
14600.0000   3.15
14800.0000   2.89
15000.0000   2.83
15200.0000   2.72
15400.0000   2.70
15600.0000   2.79
15800.0000   2.70
16000.0000   3.01
