200.0000   5.33
400.0000   5.24
600.0000   5.17
800.0000   5.15
1000.0000   5.08
1200.0000   5.12
1400.0000   5.05
1600.0000   4.87
1800.0000   4.83
2000.0000   4.77
2200.0000   4.83
2400.0000   4.80
2600.0000   4.82
2800.0000   4.79
3000.0000   4.76
3200.0000   4.71
3400.0000   4.65
3600.0000   4.58
3800.0000   4.49
4000.0000   4.57
4200.0000   4.51
4400.0000   4.54
4600.0000   4.57
4800.0000   4.47
5000.0000   4.61
5200.0000   4.44
5400.0000   4.33
5600.0000   4.34
5800.0000   4.32
6000.0000   4.23
6200.0000   4.32
6400.0000   4.56
6600.0000   4.27
6800.0000   4.35
7000.0000   4.41
7200.0000   4.30
7400.0000   4.16
7600.0000   4.04
7800.0000   3.95
8000.0000   4.50
8200.0000   3.83
8400.0000   4.00
8600.0000   4.05
8800.0000   3.94
9000.0000   3.96
9200.0000   4.04
9400.0000   4.02
9600.0000   4.09
9800.0000   3.74
10000.0000   3.54
10200.0000   3.65
10400.0000   3.54
10600.0000   3.63
10800.0000   3.65
11000.0000   3.49
11200.0000   3.23
11400.0000   3.81
11600.0000   4.06
11800.0000   4.07
12000.0000   3.96
12200.0000   3.94
12400.0000   3.76
12600.0000   3.49
12800.0000   3.47
13000.0000   3.32
13200.0000   3.22
13400.0000   3.33
13600.0000   3.85
13800.0000   3.91
14000.0000   3.88
14200.0000   3.48
14400.0000   3.23
14600.0000   2.96
14800.0000   2.61
15000.0000   2.40
15200.0000   2.13
15400.0000   2.38
15600.0000   2.55
15800.0000   2.81
16000.0000   0.00
