 24.0000   6.3325   0.6062 
 23.0000   6.9072   0.6582 
 22.0000   7.8915   0.7239 
 21.0000   8.4419   0.7900 
 20.0000   9.4932   0.8969 
 19.0000  10.0776   0.9982 
 18.0000  11.2826   1.1324 
 17.0000  12.2579   1.2628 
 16.0000  13.4437   1.4724 
 15.0000  14.9096   1.6549 
 14.0000  15.5903   1.8913 
 13.0000  16.3692   2.1383 
 12.0000  17.4008   2.3323 
 11.0000  17.9848   2.6183 
 10.0000  18.7258   2.9828 
  9.0000  19.1749   3.3219 
  8.0000  17.7008   3.7620 
  7.0000  16.3093   4.1086 
  6.0000  14.8373   4.4772 
  5.0000  13.8080   4.7761 
  4.0000  11.6752   5.1394 
  3.0000  10.6358   5.3978 
  2.0000   9.8999   5.6538 
  1.0000   9.7280   5.8644 
