 24.0000   4.0856   0.5275 
 23.0000   4.8964   0.5652 
 22.0000   5.6044   0.6086 
 21.0000   6.5337   0.6736 
 20.0000   7.3312   0.7799 
 19.0000   8.4888   0.8865 
 18.0000   9.2410   1.0259 
 17.0000  10.3235   1.1613 
 16.0000  12.0021   1.3695 
 15.0000  13.0213   1.5587 
 14.0000  14.0027   1.7994 
 13.0000  15.0222   2.0416 
 12.0000  15.7867   2.2483 
 11.0000  17.0929   2.5440 
 10.0000  18.3347   2.9039 
  9.0000  18.5523   3.2477 
  8.0000  17.3756   3.6983 
  7.0000  16.2021   4.0464 
  6.0000  14.7572   4.4253 
  5.0000  12.8785   4.7314 
  4.0000  11.5269   5.1014 
  3.0000  10.3967   5.3625 
  2.0000   9.5527   5.6275 
  1.0000   8.5824   5.8377 
