 24.0000   5.3943   0.5321 
 23.0000   6.3920   0.5991 
 22.0000   7.3316   0.6867 
 21.0000   8.6049   0.7789 
 20.0000   9.7819   0.9108 
 19.0000  11.2187   1.0302 
 18.0000  12.1471   1.1774 
 17.0000  13.1513   1.3202 
 16.0000  14.5355   1.5312 
 15.0000  15.5568   1.7201 
 14.0000  16.2518   1.9648 
 13.0000  17.3093   2.2132 
 12.0000  18.0592   2.4162 
 11.0000  19.0269   2.7169 
 10.0000  19.3411   3.0770 
  9.0000  19.0491   3.4264 
  8.0000  17.6015   3.8737 
  7.0000  15.9547   4.2145 
  6.0000  13.8628   4.5890 
  5.0000  13.0387   4.8820 
  4.0000  11.3275   5.2304 
  3.0000  10.4544   5.4895 
  2.0000   9.1963   5.7383 
  1.0000   8.8457   5.9372 
