 24.0000   4.4650   0.5281 
 23.0000   5.0040   0.5658 
 22.0000   5.8207   0.6298 
 21.0000   6.6957   0.7074 
 20.0000   7.7157   0.8295 
 19.0000   8.4385   0.9428 
 18.0000   9.2770   1.0866 
 17.0000  10.5293   1.2259 
 16.0000  11.6300   1.4341 
 15.0000  12.6356   1.6168 
 14.0000  14.0280   1.8561 
 13.0000  15.0356   2.0963 
 12.0000  15.7710   2.2987 
 11.0000  16.6594   2.5883 
 10.0000  17.3296   2.9451 
  9.0000  17.7120   3.2886 
  8.0000  16.9108   3.7337 
  7.0000  15.5437   4.0829 
  6.0000  14.0501   4.4461 
  5.0000  12.5618   4.7615 
  4.0000  11.0737   5.1164 
  3.0000   9.9311   5.3716 
  2.0000   9.0138   5.6340 
  1.0000   8.0133   5.8446 
