 24.0000   5.6645   0.5360 
 23.0000   6.2660   0.5879 
 22.0000   7.2687   0.6641 
 21.0000   7.9464   0.7495 
 20.0000   9.0913   0.8745 
 19.0000  10.0776   0.9937 
 18.0000  10.7999   1.1358 
 17.0000  11.9085   1.2737 
 16.0000  13.3645   1.4857 
 15.0000  14.4718   1.6739 
 14.0000  15.3477   1.9218 
 13.0000  16.2216   2.1663 
 12.0000  17.0862   2.3411 
 11.0000  18.3695   2.6465 
 10.0000  19.0627   3.0026 
  9.0000  18.8147   3.3530 
  8.0000  17.7907   3.7945 
  7.0000  16.2232   4.1395 
  6.0000  14.5610   4.5053 
  5.0000  13.3262   4.8080 
  4.0000  11.8558   5.1640 
  3.0000  10.9409   5.4208 
  2.0000   9.8286   5.6763 
  1.0000   9.3085   5.8811 
