 24.0000   4.9611   0.5377 
 23.0000   5.9133   0.5697 
 22.0000   6.8573   0.6264 
 21.0000   7.2185   0.6875 
 20.0000   8.5288   0.7920 
 19.0000   9.2422   0.8936 
 18.0000  10.2792   1.0278 
 17.0000  11.7163   1.1637 
 16.0000  12.8193   1.3754 
 15.0000  13.9569   1.5644 
 14.0000  14.8844   1.8076 
 13.0000  15.7694   2.0552 
 12.0000  16.8962   2.2734 
 11.0000  17.7317   2.5668 
 10.0000  18.9400   2.9296 
  9.0000  18.6818   3.2704 
  8.0000  17.8912   3.7249 
  7.0000  16.4987   4.0733 
  6.0000  14.8976   4.4461 
  5.0000  13.8783   4.7542 
  4.0000  11.7090   5.1181 
  3.0000  11.2802   5.3788 
  2.0000  10.0314   5.6399 
  1.0000   9.1463   5.8540 
