 24.0000   4.5090   0.5139 
 23.0000   5.5968   0.5841 
 22.0000   6.9167   0.6757 
 21.0000   7.8132   0.7657 
 20.0000   8.9480   0.8973 
 19.0000  10.2838   1.0127 
 18.0000  11.3535   1.1588 
 17.0000  12.1317   1.3000 
 16.0000  13.5791   1.5060 
 15.0000  14.2218   1.6923 
 14.0000  15.2166   1.9348 
 13.0000  16.8642   2.1744 
 12.0000  16.9088   2.3813 
 11.0000  17.8093   2.6844 
 10.0000  18.7473   3.0442 
  9.0000  18.0271   3.3888 
  8.0000  16.7045   3.8319 
  7.0000  15.4032   4.1742 
  6.0000  13.8111   4.5556 
  5.0000  12.5866   4.8491 
  4.0000  10.6878   5.2079 
  3.0000  10.1125   5.4623 
  2.0000   8.8121   5.7191 
  1.0000   8.3702   5.9163 
