 24.0000   5.6119   0.6036 
 23.0000   5.8918   0.6514 
 22.0000   6.7965   0.7179 
 21.0000   8.0632   0.7860 
 20.0000   8.5516   0.8905 
 19.0000   9.5948   0.9886 
 18.0000  10.5593   1.1230 
 17.0000  11.6451   1.2588 
 16.0000  12.6449   1.4617 
 15.0000  13.9241   1.6495 
 14.0000  14.8655   1.8853 
 13.0000  15.6424   2.1247 
 12.0000  16.6563   2.3190 
 11.0000  17.6394   2.6104 
 10.0000  18.3345   2.9751 
  9.0000  18.5829   3.3095 
  8.0000  17.2516   3.7593 
  7.0000  15.7538   4.0981 
  6.0000  14.3732   4.4724 
  5.0000  12.6900   4.7804 
  4.0000  11.3078   5.1338 
  3.0000  10.2199   5.3972 
  2.0000   9.2187   5.6498 
  1.0000   8.5111   5.8664 
