200.0000 -20.52 -26.88 -26.14  3.116
400.0000 -20.60 -27.11 -26.28  3.130
600.0000 -20.74 -27.46 -26.69  3.153
800.0000 -20.71 -27.32 -26.59  3.149
1000.0000 -20.75 -27.41 -26.67  3.154
1200.0000 -20.50 -26.88 -26.03  3.113
1400.0000 -20.70 -27.28 -26.58  3.146
1600.0000 -20.81 -27.46 -26.87  3.165
1800.0000 -20.60 -27.16 -26.32  3.130
2000.0000 -20.72 -27.13 -26.57  3.150
2200.0000 -20.43 -26.60 -25.77  3.102
2400.0000 -20.47 -26.78 -26.22  3.108
2600.0000 -20.57 -26.92 -26.28  3.124
2800.0000 -20.54 -26.83 -26.06  3.120
3000.0000 -20.52 -26.80 -26.09  3.117
3200.0000 -20.45 -26.72 -26.05  3.104
3400.0000 -20.61 -27.07 -26.51  3.132
3600.0000 -20.54 -26.95 -26.37  3.120
3800.0000 -20.37 -26.61 -25.96  3.091
4000.0000 -20.48 -26.77 -26.22  3.110
4200.0000 -20.41 -26.69 -26.13  3.098
4400.0000 -20.36 -26.59 -26.03  3.090
4600.0000 -20.31 -26.63 -25.92  3.082
4800.0000 -20.20 -26.42 -25.69  3.063
5000.0000 -20.31 -26.62 -26.06  3.081
5200.0000 -20.38 -26.83 -26.19  3.093
5400.0000 -20.44 -26.97 -26.26  3.103
5600.0000 -20.05 -26.37 -25.49  3.039
5800.0000 -20.20 -26.64 -25.75  3.063
6000.0000 -20.28 -26.65 -25.75  3.076
6200.0000 -20.06 -26.38 -25.53  3.040
6400.0000 -20.26 -26.90 -25.85  3.073
6600.0000 -20.06 -26.52 -25.66  3.040
6800.0000 -20.11 -26.81 -25.72  3.048
7000.0000 -20.06 -26.65 -25.45  3.039
7200.0000 -20.07 -26.72 -25.55  3.041
7400.0000 -20.06 -26.88 -25.58  3.040
7600.0000 -20.01 -26.64 -25.44  3.031
7800.0000 -20.12 -27.03 -25.61  3.050
8000.0000 -19.92 -26.63 -25.22  3.017
