200.0000 -20.45 -26.52 -25.77  3.105
400.0000 -20.56 -26.70 -25.90  3.123
600.0000 -20.65 -27.05 -26.16  3.138
800.0000 -20.74 -27.35 -26.50  3.153
1000.0000 -20.56 -26.80 -26.01  3.124
1200.0000 -20.59 -26.90 -26.08  3.128
1400.0000 -20.57 -27.01 -26.10  3.125
1600.0000 -20.55 -26.84 -25.98  3.121
1800.0000 -20.51 -26.74 -25.94  3.114
2000.0000 -20.56 -26.92 -26.03  3.122
2200.0000 -20.58 -27.04 -26.14  3.126
2400.0000 -20.53 -26.89 -25.94  3.118
2600.0000 -20.59 -27.12 -26.09  3.128
2800.0000 -20.59 -27.18 -26.17  3.129
3000.0000 -20.51 -26.82 -25.93  3.115
3200.0000 -20.50 -26.84 -25.95  3.113
3400.0000 -20.43 -26.63 -25.70  3.101
3600.0000 -20.46 -26.76 -25.90  3.107
3800.0000 -20.41 -26.66 -25.74  3.097
4000.0000 -20.43 -26.63 -25.83  3.101
4200.0000 -20.40 -26.67 -25.77  3.096
4400.0000 -20.31 -26.44 -25.59  3.081
4600.0000 -20.27 -26.34 -25.53  3.075
4800.0000 -20.37 -26.75 -25.79  3.091
5000.0000 -20.42 -27.03 -25.97  3.099
5200.0000 -20.31 -26.59 -25.67  3.081
5400.0000 -20.28 -26.66 -25.72  3.077
5600.0000 -20.24 -26.65 -25.65  3.069
5800.0000 -20.25 -26.69 -25.70  3.072
6000.0000 -20.23 -26.61 -25.64  3.069
6200.0000 -20.20 -26.52 -25.54  3.064
6400.0000 -20.28 -26.87 -25.61  3.076
6600.0000 -20.22 -26.95 -25.75  3.066
6800.0000 -20.29 -27.18 -25.90  3.077
7000.0000 -20.19 -27.17 -25.68  3.061
7200.0000 -20.10 -26.83 -25.51  3.047
7400.0000 -20.11 -26.85 -25.49  3.049
7600.0000 -19.99 -26.59 -25.20  3.028
7800.0000 -19.92 -26.54 -25.06  3.016
8000.0000 -19.86 -26.17 -24.91  3.007
