200.0000 -21.17 -27.75 -27.32  3.224
400.0000 -21.65 -28.70 -28.31  3.305
600.0000 -21.70 -29.03 -28.53  3.312
800.0000 -21.58 -28.99 -28.47  3.292
1000.0000 -21.47 -28.63 -28.03  3.273
1200.0000 -21.34 -28.46 -27.97  3.253
1400.0000 -21.36 -28.34 -27.81  3.255
1600.0000 -21.31 -28.26 -27.54  3.247
1800.0000 -21.11 -27.94 -27.18  3.214
2000.0000 -21.29 -28.42 -27.58  3.245
2200.0000 -21.16 -28.17 -27.41  3.223
2400.0000 -21.33 -28.68 -27.90  3.251
2600.0000 -21.29 -28.44 -27.50  3.245
2800.0000 -21.59 -29.25 -28.39  3.293
3000.0000 -21.12 -28.14 -27.32  3.215
3200.0000 -21.37 -28.63 -27.81  3.258
3400.0000 -21.30 -28.51 -27.61  3.246
3600.0000 -21.17 -28.22 -27.34  3.224
3800.0000 -21.21 -28.28 -27.44  3.231
4000.0000 -21.15 -28.36 -27.42  3.220
4200.0000 -21.16 -28.08 -27.15  3.223
4400.0000 -21.19 -28.26 -27.34  3.228
4600.0000 -20.99 -27.85 -26.99  3.195
4800.0000 -21.17 -28.42 -27.37  3.224
5000.0000 -20.94 -27.91 -26.87  3.187
5200.0000 -21.09 -28.31 -27.13  3.210
5400.0000 -21.03 -28.14 -26.98  3.201
5600.0000 -20.95 -28.09 -26.89  3.188
5800.0000 -20.88 -27.90 -26.73  3.176
6000.0000 -20.98 -28.13 -26.96  3.193
6200.0000 -20.72 -27.77 -26.55  3.150
6400.0000 -20.87 -28.03 -26.58  3.175
6600.0000 -20.74 -27.87 -26.47  3.153
6800.0000 -20.68 -27.54 -26.20  3.144
7000.0000 -20.66 -27.77 -26.29  3.140
7200.0000 -20.69 -28.03 -26.39  3.144
7400.0000 -20.69 -27.91 -26.27  3.144
7600.0000 -20.58 -27.86 -26.22  3.127
7800.0000 -20.45 -27.58 -25.85  3.105
8000.0000 -20.29 -27.29 -25.44  3.078
