200.0000 -21.53 -32.18 -29.46  3.284
400.0000 -21.51 -32.62 -29.82  3.281
600.0000 -21.46 -32.80 -29.25  3.273
800.0000 -21.76 -33.39 -30.08  3.322
1000.0000 -21.21 -31.76 -28.20  3.230
1200.0000 -21.37 -32.41 -29.05  3.257
1400.0000 -21.52 -32.78 -29.23  3.283
1600.0000 -21.25 -32.02 -28.07  3.237
1800.0000 -21.36 -32.31 -28.74  3.256
2000.0000 -21.38 -32.71 -28.55  3.259
2200.0000 -21.39 -33.14 -28.85  3.261
2400.0000 -21.36 -32.95 -28.48  3.255
2600.0000 -21.44 -33.10 -28.86  3.269
2800.0000 -21.59 -33.89 -29.95  3.294
3000.0000 -21.38 -33.05 -28.75  3.258
3200.0000 -21.25 -32.46 -27.96  3.237
3400.0000 -21.28 -32.88 -28.81  3.242
3600.0000 -21.53 -34.03 -29.74  3.284
3800.0000 -21.48 -33.33 -29.36  3.275
4000.0000 -21.75 -34.57 -30.71  3.321
4200.0000 -21.27 -32.93 -28.54  3.241
4400.0000 -21.20 -32.65 -28.10  3.229
4600.0000 -21.30 -32.75 -28.72  3.246
4800.0000 -21.71 -34.40 -30.36  3.315
5000.0000 -21.74 -34.52 -30.69  3.319
5200.0000 -21.66 -34.38 -30.35  3.306
5400.0000 -21.46 -33.96 -29.69  3.272
5600.0000 -21.43 -33.66 -29.73  3.268
5800.0000 -21.62 -34.13 -30.36  3.299
6000.0000 -21.62 -34.40 -30.20  3.299
6200.0000 -21.54 -33.69 -29.74  3.286
6400.0000 -21.37 -33.39 -29.52  3.258
6600.0000 -21.48 -33.82 -29.66  3.275
6800.0000 -21.26 -33.25 -29.01  3.240
7000.0000 -21.44 -33.07 -29.45  3.269
7200.0000 -21.41 -33.34 -29.93  3.264
7400.0000 -21.15 -32.10 -28.07  3.220
7600.0000 -21.15 -32.02 -28.47  3.220
7800.0000 -21.21 -32.01 -29.04  3.232
8000.0000 -20.95 -31.18 -27.66  3.188
