200.0000 -21.10 -29.18 -27.66  3.212
400.0000 -21.29 -29.97 -28.63  3.245
600.0000 -21.10 -29.82 -28.20  3.213
800.0000 -20.96 -29.55 -27.57  3.189
1000.0000 -20.80 -28.85 -26.95  3.163
1200.0000 -21.01 -29.37 -27.67  3.198
1400.0000 -20.99 -29.25 -27.36  3.195
1600.0000 -21.06 -29.43 -27.50  3.207
1800.0000 -21.02 -29.41 -27.72  3.199
2000.0000 -20.92 -29.18 -27.26  3.184
2200.0000 -21.00 -29.38 -27.12  3.196
2400.0000 -21.02 -29.82 -27.81  3.199
2600.0000 -20.93 -29.42 -27.30  3.184
2800.0000 -21.00 -29.81 -27.70  3.196
3000.0000 -20.90 -29.33 -27.08  3.180
3200.0000 -20.73 -29.02 -26.72  3.151
3400.0000 -20.99 -29.71 -27.58  3.195
3600.0000 -20.84 -29.25 -27.07  3.169
3800.0000 -20.99 -29.55 -27.54  3.194
4000.0000 -21.02 -29.47 -27.57  3.199
4200.0000 -20.95 -29.41 -27.35  3.188
4400.0000 -20.87 -29.47 -27.21  3.175
4600.0000 -20.82 -29.24 -27.33  3.165
4800.0000 -20.87 -29.45 -27.31  3.174
5000.0000 -20.96 -29.47 -27.55  3.190
5200.0000 -20.97 -29.42 -27.31  3.191
5400.0000 -21.07 -29.81 -27.88  3.208
5600.0000 -20.99 -29.67 -27.67  3.194
5800.0000 -20.78 -29.23 -27.12  3.160
6000.0000 -20.82 -29.27 -27.07  3.167
6200.0000 -20.83 -29.47 -27.44  3.168
6400.0000 -20.74 -29.38 -27.35  3.153
6600.0000 -20.81 -29.34 -27.10  3.164
6800.0000 -20.76 -29.42 -27.17  3.157
7000.0000 -20.77 -29.48 -27.09  3.158
7200.0000 -20.77 -29.57 -27.22  3.158
7400.0000 -20.65 -29.18 -26.58  3.138
7600.0000 -20.55 -29.04 -26.53  3.121
7800.0000 -20.46 -28.79 -26.14  3.106
8000.0000 -20.47 -29.05 -26.33  3.108
