200.0000 -20.50 -27.17  3.114
400.0000 -20.52 -27.25  3.117
600.0000 -20.53 -27.42  3.118
800.0000 -20.74 -28.07  3.153
1000.0000 -20.61 -27.54  3.131
1200.0000 -20.60 -27.55  3.129
1400.0000 -20.57 -27.33  3.124
1600.0000 -20.60 -27.55  3.130
1800.0000 -20.49 -27.28  3.112
2000.0000 -20.57 -27.33  3.124
2200.0000 -20.54 -27.02  3.119
2400.0000 -20.45 -26.90  3.104
2600.0000 -20.51 -27.14  3.115
2800.0000 -20.42 -26.92  3.099
3000.0000 -20.47 -27.17  3.108
3200.0000 -20.36 -26.66  3.089
3400.0000 -20.49 -27.22  3.111
3600.0000 -20.31 -26.74  3.082
3800.0000 -20.38 -26.94  3.094
4000.0000 -20.27 -26.73  3.075
4200.0000 -20.26 -26.55  3.073
4400.0000 -20.29 -26.80  3.078
4600.0000 -20.24 -26.77  3.069
4800.0000 -20.38 -27.06  3.092
5000.0000 -20.33 -27.01  3.086
5200.0000 -20.35 -26.98  3.088
5400.0000 -20.27 -26.89  3.075
5600.0000 -20.19 -26.80  3.061
5800.0000 -20.26 -27.00  3.074
6000.0000 -20.23 -26.87  3.068
6200.0000 -20.12 -26.72  3.050
6400.0000 -20.18 -26.72  3.061
6600.0000 -20.15 -26.93  3.054
6800.0000 -20.29 -27.43  3.079
7000.0000 -20.25 -27.37  3.071
7200.0000 -20.15 -27.17  3.054
7400.0000 -20.14 -27.15  3.053
7600.0000 -19.97 -26.84  3.025
7800.0000 -19.94 -27.21  3.021
8000.0000 -19.77 -26.76  2.991
