200.0000 -20.78 -27.01 -26.26  3.160
400.0000 -21.00 -27.71 -26.95  3.197
600.0000 -21.32 -28.38 -27.48  3.249
800.0000 -21.50 -29.03 -28.50  3.278
1000.0000 -21.10 -28.08 -27.15  3.212
1200.0000 -21.15 -28.19 -27.35  3.222
1400.0000 -21.69 -29.19 -28.65  3.310
1600.0000 -21.25 -28.53 -27.93  3.237
1800.0000 -21.58 -28.89 -28.32  3.293
2000.0000 -21.61 -29.00 -28.30  3.298
2200.0000 -21.16 -27.99 -26.89  3.223
2400.0000 -21.26 -28.07 -27.13  3.239
2600.0000 -21.45 -28.96 -28.25  3.272
2800.0000 -21.68 -29.35 -28.53  3.310
3000.0000 -21.41 -29.04 -28.03  3.264
3200.0000 -21.14 -28.54 -27.73  3.219
3400.0000 -21.35 -28.53 -27.77  3.254
3600.0000 -21.01 -27.98 -26.90  3.197
3800.0000 -21.33 -28.24 -27.46  3.251
4000.0000 -21.22 -28.35 -27.45  3.232
4200.0000 -21.34 -28.33 -27.57  3.253
4400.0000 -20.94 -27.86 -26.97  3.186
4600.0000 -20.71 -27.41 -26.32  3.148
4800.0000 -20.98 -28.15 -27.28  3.193
5000.0000 -21.35 -28.73 -27.63  3.254
5200.0000 -21.37 -28.98 -27.86  3.258
5400.0000 -20.81 -27.49 -26.48  3.164
5600.0000 -21.18 -28.72 -27.38  3.226
5800.0000 -21.18 -28.35 -27.24  3.226
6000.0000 -21.30 -28.67 -27.46  3.246
6200.0000 -21.00 -28.31 -27.01  3.195
6400.0000 -20.90 -27.87 -26.40  3.180
6600.0000 -20.87 -27.70 -26.37  3.174
6800.0000 -20.29 -26.84 -25.75  3.078
7000.0000 -20.65 -27.65 -26.11  3.138
7200.0000 -20.37 -27.20 -25.67  3.091
7400.0000 -20.87 -28.24 -26.44  3.175
7600.0000 -20.54 -27.64 -26.00  3.119
7800.0000 -20.40 -27.52 -25.91  3.097
8000.0000 -20.73 -28.33 -26.25  3.151
