200.0000 -20.38 -26.50 -25.99  3.094
400.0000 -21.00 -27.72 -27.28  3.196
600.0000 -20.99 -27.82 -27.39  3.195
800.0000 -20.85 -27.61 -27.18  3.170
1000.0000 -20.74 -27.44 -26.89  3.153
1200.0000 -20.71 -27.21 -26.61  3.148
1400.0000 -20.91 -27.61 -27.10  3.181
1600.0000 -20.70 -27.29 -26.76  3.147
1800.0000 -20.70 -27.17 -26.52  3.145
2000.0000 -20.66 -27.16 -26.61  3.139
2200.0000 -20.71 -27.25 -26.78  3.148
2400.0000 -20.57 -26.91 -26.43  3.124
2600.0000 -20.64 -27.09 -26.64  3.137
2800.0000 -20.58 -27.03 -26.40  3.126
3000.0000 -20.79 -27.35 -26.80  3.161
3200.0000 -20.41 -26.69 -26.10  3.098
3400.0000 -20.52 -26.89 -26.27  3.116
3600.0000 -20.58 -26.92 -26.41  3.127
3800.0000 -20.56 -26.81 -26.36  3.122
4000.0000 -20.32 -26.40 -25.83  3.084
4200.0000 -20.40 -26.65 -26.09  3.097
4400.0000 -20.35 -26.57 -25.96  3.088
4600.0000 -20.36 -26.55 -25.96  3.089
4800.0000 -20.42 -26.76 -26.20  3.100
5000.0000 -20.27 -26.52 -25.82  3.074
5200.0000 -20.53 -27.05 -26.61  3.118
5400.0000 -20.34 -26.76 -26.15  3.086
5600.0000 -20.29 -26.59 -25.95  3.079
5800.0000 -20.28 -26.66 -26.01  3.077
6000.0000 -20.21 -26.47 -25.85  3.065
6200.0000 -20.36 -26.76 -26.11  3.089
6400.0000 -20.14 -26.36 -25.56  3.053
6600.0000 -20.31 -26.80 -26.18  3.082
6800.0000 -20.25 -26.93 -26.12  3.071
7000.0000 -20.13 -26.67 -25.78  3.051
7200.0000 -20.02 -26.47 -25.65  3.033
7400.0000 -20.07 -26.72 -25.82  3.041
7600.0000 -20.01 -26.51 -25.56  3.032
7800.0000 -19.89 -26.46 -25.17  3.011
8000.0000 -19.88 -26.49 -25.33  3.011
