200.0000 -20.47 -27.38 -25.73  3.109
400.0000 -20.63 -27.51 -26.13  3.134
600.0000 -20.70 -27.82 -26.28  3.146
800.0000 -20.79 -28.20 -26.59  3.161
1000.0000 -20.73 -27.93 -26.38  3.151
1200.0000 -20.64 -27.71 -26.20  3.137
1400.0000 -20.56 -27.30 -25.89  3.123
1600.0000 -20.61 -27.38 -25.99  3.130
1800.0000 -20.64 -28.01 -26.17  3.137
2000.0000 -20.50 -27.10 -25.74  3.113
2200.0000 -20.53 -27.04 -25.84  3.117
2400.0000 -20.50 -27.17 -25.82  3.113
2600.0000 -20.57 -27.24 -25.90  3.125
2800.0000 -20.53 -27.11 -25.79  3.118
3000.0000 -20.43 -26.99 -25.63  3.102
3200.0000 -20.49 -26.99 -25.72  3.112
3400.0000 -20.51 -27.06 -25.87  3.115
3600.0000 -20.39 -26.90 -25.62  3.094
3800.0000 -20.38 -26.90 -25.57  3.093
4000.0000 -20.31 -26.88 -25.58  3.081
4200.0000 -20.33 -26.78 -25.53  3.085
4400.0000 -20.28 -26.75 -25.52  3.076
4600.0000 -20.34 -27.26 -25.76  3.086
4800.0000 -20.42 -27.06 -25.83  3.099
5000.0000 -20.40 -26.98 -25.75  3.096
5200.0000 -20.31 -26.84 -25.58  3.082
5400.0000 -20.26 -26.86 -25.63  3.074
5600.0000 -20.19 -26.75 -25.36  3.061
5800.0000 -20.24 -26.86 -25.56  3.070
6000.0000 -20.16 -26.68 -25.38  3.056
6200.0000 -20.19 -26.84 -25.56  3.061
6400.0000 -20.29 -27.22 -25.61  3.079
6600.0000 -20.17 -26.87 -25.47  3.059
6800.0000 -20.21 -27.15 -25.49  3.064
7000.0000 -20.24 -27.35 -25.56  3.069
7200.0000 -20.11 -27.04 -25.36  3.048
7400.0000 -20.10 -27.11 -25.31  3.046
7600.0000 -19.96 -26.77 -25.00  3.024
7800.0000 -19.87 -26.78 -24.79  3.008
8000.0000 -19.76 -26.79 -24.79  2.990
