200.0000  -26.4
400.0000  -25.9
600.0000  -26.3
800.0000  -26.4
1000.0000  -25.7
1200.0000  -26.2
1400.0000  -26.4
1600.0000  -26.8
1800.0000  -26.0
2000.0000  -26.1
2200.0000  -25.9
2400.0000  -26.0
2600.0000  -26.0
2800.0000  -26.0
3000.0000  -25.8
3200.0000  -26.0
3400.0000  -25.7
3600.0000  -25.8
3800.0000  -25.8
4000.0000  -25.8
4200.0000  -25.7
4400.0000  -25.7
4600.0000  -25.8
4800.0000  -25.8
5000.0000  -25.9
5200.0000  -25.8
5400.0000  -25.7
5600.0000  -25.7
5800.0000  -25.8
6000.0000  -25.7
6200.0000  -25.7
6400.0000  -25.7
6600.0000  -25.8
6800.0000  -25.9
7000.0000  -25.6
7200.0000  -25.5
7400.0000  -25.5
7600.0000  -25.2
7800.0000  -25.2
8000.0000  -24.8
