// Frequency response of the 4 channels with full scale loading at 200 MHz. Recording Vrms values
              ChA            ChB           ChC         ChD
    100       28.0
    250       26.5
    500       27.7
    750       27.9
    1000      26.5
    1250      27.6
    1500      27.5
    1750      26.1
    2000      26.2
    2250      26.8
    2500      26.6
    2750      26.5
    3000      25.5
    3250      25.9
    3500      25.3
    3750      25.2
    4000      26.8
    4250      26.5
    4500      26.8
    4750      26.4
    5000      25.8
    5250      26.2
    5500      25.2
    5750      25.8
    6000      25.5
    6250      26.3
    6500      26.5
    6750      26.1
    7000      26.2
    7250      25.6
    7500      25.8
    7750      24.8
    8000      24.5


